Time CPU_use RAM_filled Net_bytes_sent Net_bytes_received Temperature Disk_IO_percentage
14:43:53 27.6 611434496 88824039 561004983 59.4 0.00018690617134973708
14:43:54 27.0 619134976 88824039 561004983 58.913 0.0002803592570246056
14:43:55 27.0 625643520 88824039 561004983 59.887 0.0002803561130073438
14:43:57 26.9 622706688 88824039 561004983 58.426 0.0002803561130073438
14:43:58 27.0 624922624 88824081 561005043 59.4 0.0002803561130073438
14:43:59 27.1 627064832 88824081 561005043 60.374 0.0002803561130073438
14:44:00 26.4 631603200 88824081 561005043 60.374 0.0002803561130073438
14:44:01 27.0 632942592 88824509 561005161 60.374 0.00028035532701404636
14:44:02 27.1 634232832 88824509 561005161 59.887 0.00028035532701404636
14:44:03 26.9 636039168 88824509 561005161 60.374 0.00028035532701404636
14:44:04 26.9 639209472 88824509 561005161 60.861 0.00028035532701404636
14:44:05 27.1 643387392 88824509 561005161 60.374 0.00028035532701404636
14:44:06 27.0 645959680 88824509 561005161 61.348 0.00028035454102515606
14:44:07 27.0 644665344 88824509 561005161 61.348 0.00028035454102515606
14:44:09 26.2 645951488 88824509 561005161 60.374 0.00028035454102515606
14:44:10 26.6 648790016 88824509 561005161 61.348 0.00028035454102515606
14:44:11 27.1 653434880 88824509 561005161 60.861 0.00028035454102515606
14:44:12 27.2 652476416 88824509 561005161 61.348 0.0002803537550406729
14:44:13 26.7 656523264 88824509 561005161 61.835 0.0002803537550406729
14:44:15 26.4 656318464 88824693 561005345 61.348 0.0002803537550406729
14:44:16 26.5 660189184 88824693 561005345 62.322 0.0002803537550406729
14:44:17 26.8 664834048 88824693 561005345 61.348 0.0002803537550406729
14:44:18 27.0 668172288 88824693 561005345 61.835 0.0002803529690605968
14:44:19 26.9 666447872 88824693 561005345 62.322 0.0002803529690605968
14:44:20 27.1 667914240 88824693 561005345 61.348 0.0002803529690605968
14:44:22 26.6 669986816 88824693 561005345 61.835 0.0002803529690605968
14:44:23 26.6 672567296 88824693 561005345 61.835 0.0002803521830849277
14:44:24 27.2 676687872 88824763 561005415 61.835 0.0002803521830849277
14:44:25 26.7 679784448 88824763 561005415 62.322 0.00028034982518436213
14:44:26 27.3 682598400 88824763 561005415 61.348 0.00037379976691248286
14:44:27 26.9 680792064 88824763 561005415 62.322 0.00037379976691248286
14:44:29 26.6 682074112 88824763 561005415 61.835 0.0003737987189684277
14:44:30 26.7 683905024 88824763 561005475 61.835 0.0003737987189684277
14:44:31 26.9 688033792 88824763 561005475 62.322 0.0003737987189684277
14:44:32 27.2 691879936 88824763 561005475 61.835 0.0003737987189684277
14:44:33 26.9 688861184 88824763 561005475 61.835 0.0003737987189684277
14:44:34 26.6 691101696 88824763 561005475 61.348 0.0003737976710302483
14:44:35 26.5 693178368 88824763 561005475 62.322 0.0003737976710302483
14:44:37 26.4 694726656 88824763 561005475 63.296 0.0003737976710302483
14:44:38 27.3 699863040 88824763 561005475 62.322 0.0003737976710302483
14:44:39 27.0 702414848 88824763 561005475 63.296 0.0003737976710302483
14:44:40 27.2 699830272 88824763 561005475 62.809 0.0003737976710302483
14:44:41 26.4 701374464 88824763 561005475 63.296 0.00037379662309794463
14:44:43 26.5 704266240 88824763 561005475 62.322 0.00037379662309794463
14:44:44 27.2 710688768 88825131 561005703 63.783 0.00037379662309794463
14:44:45 27.1 712212480 88825131 561005703 62.809 0.00037379662309794463
14:44:46 26.9 709455872 88825131 561005703 62.322 0.00037379662309794463
14:44:47 27.0 709566464 88825131 561007092 62.322 0.0003737955751715167
14:44:48 26.4 710516736 88825131 561007092 62.809 0.0003737955751715167
14:44:50 27.0 712634368 88825173 561007152 62.809 0.0003737955751715167
14:44:51 27.1 716587008 88825173 561008675 63.783 0.0003737955751715167
14:44:52 27.1 722771968 88825173 561008675 63.296 0.0003737945272509644
14:44:53 26.7 722079744 88825173 561008675 62.809 0.0003737945272509644
14:44:54 26.8 723288064 88825243 561008745 63.296 0.0003737945272509644
14:44:56 26.7 724578304 88825243 561008745 62.809 0.0003737941779454193
14:44:57 26.9 725868544 88825243 561008945 63.296 0.00046724141254087637
14:44:58 26.7 731512832 88825243 561008945 64.757 0.0005606896950490516
14:44:59 27.2 732082176 88825243 561008945 64.27 0.0005606896950490516
14:45:00 26.9 733548544 88825243 561008945 63.296 0.0005606896950490516
14:45:01 26.7 732909568 88825799 561009063 63.783 0.0005606896950490516
14:45:03 26.6 736317440 88825799 561009063 64.27 0.0005606881231887876
14:45:04 26.8 741703680 88825799 561009063 63.296 0.0005606881231887876
14:45:05 26.8 738938880 88825799 561009263 63.296 0.0005606881231887876
14:45:06 26.5 743714816 88825799 561009263 62.809 0.0005606881231887876
14:45:08 26.2 744407040 88825799 561009263 62.809 0.0005606881231887876
14:45:09 27.0 749015040 88825799 561009263 64.27 0.0005606865513373367
14:45:10 26.9 774303744 88825799 561009263 63.783 0.0005606865513373367
14:45:11 28.6 1117945856 88825799 561009423 64.757 0.0005606865513373367
14:45:12 28.5 1346060288 88825799 561009423 65.244 0.0005606865513373367
14:45:13 30.0 1179164672 88825799 561009423 63.296 0.0005606865513373367
14:45:14 29.9 1266057216 88825913 561009751 63.296 0.0005606865513373367
14:45:15 32.1 1239080960 88825983 561009821 64.757 0.000560684979494699
14:45:16 30.5 1230393344 88902019 561011689 64.27 0.000560684979494699
14:45:17 32.0 751374336 88976257 561013557 64.757 0.000560684979494699
14:45:18 23.8 751661056 89268675 561020915 64.27 0.000560684979494699
14:45:19 1.5 751575040 89268745 561021313 63.296 0.0005606834076608743
14:45:20 1.3 751566848 89268745 561021313 63.783 0.0005606834076608743
14:45:21 2.0 751861760 89268787 561021373 63.296 0.0005606834076608743
14:45:22 2.0 750292992 89268787 561021373 61.835 0.0005606834076608743
14:45:23 2.3 750260224 89268829 561021433 61.835 0.0005606834076608743
14:45:24 2.6 750260224 89268829 561021433 61.348 0.0005606834076608743
14:45:25 28.5 749740032 89273100 561222836 63.296 0.000841022753753794
14:45:26 27.9 749740032 89273100 561222836 62.322 0.000841022753753794
14:45:27 28.5 749740032 89273100 561222836 64.27 0.0009344679799290295
14:45:29 29.5 749813760 89273100 561222836 63.296 0.0009344679799290295
14:45:30 29.1 750845952 89273100 561222836 63.296 0.0009344679799290295
14:45:31 28.9 750837760 89273100 561222836 64.757 0.0009344531352479578
14:45:32 33.5 763740160 89273100 561222836 64.27 0.0009344531352479578
14:45:33 59.7 768135168 89273100 561222836 66.218 0.000934448769255047
14:45:34 57.1 769167360 89273100 561222836 65.244 0.000934448769255047
14:45:35 54.6 769167360 89273100 561222836 66.705 0.000934448769255047
14:45:36 40.8 769683456 89273100 561222836 65.731 0.0011213385231060562
14:45:37 28.3 770191360 89273100 561222836 65.244 0.0011213385231060562
14:45:38 46.5 768585728 89355248 561224774 66.705 0.01560293246371121
14:45:39 54.2 769093632 89355248 561224774 66.705 0.015602713797762435
14:45:40 54.9 769089536 89355248 561224774 67.192 0.015602713797762435
14:45:41 54.6 771211264 89355248 561224774 66.218 0.015602713797762435
14:45:42 52.7 770109440 89437334 561226970 67.192 0.030079918466606095
14:45:43 53.7 770076672 89437334 561226970 67.679 0.030079918466606095
14:45:44 55.0 770818048 89437632 561227182 67.192 0.03007972177191514
14:45:45 54.0 772939776 89437632 561227182 67.192 0.03007972177191514
14:45:46 50.3 772108288 89503784 561229048 67.192 0.04455264000661285
14:45:47 54.1 772362240 89503784 561229048 67.192 0.04455264000661285
14:45:48 54.1 772349952 89503784 561229048 67.679 0.04455264000661285
14:45:49 54.3 775651328 89503784 561229048 68.166 0.0445523487178649
14:45:50 51.5 773238784 89556048 561230544 68.653 0.05902098244954587
14:45:51 54.7 773132288 89556048 561230544 68.653 0.05902098244954587
14:45:52 54.8 773132288 89556048 561230544 68.166 0.05902098244954587
14:45:53 54.9 775950336 89556048 561231042 69.14 0.05902098244954587
14:45:54 53.1 773255168 89614376 561232608 68.653 0.05902098244954587
14:45:55 55.3 773099520 89614418 561232668 68.166 0.059020596623989195
14:45:56 53.4 773099520 89614418 561232668 68.653 0.059020596623989195
14:45:57 53.5 773120000 89614488 561232738 68.653 0.059020596623989195
14:45:58 42.1 773558272 89663794 561234094 70.114 0.07348467332176051
14:45:59 53.5 773574656 89663794 561234094 68.653 0.07367141963261632
14:46:00 53.5 773566464 89663794 561234094 70.114 0.07367052538219211
14:46:01 55.8 773242880 89664402 561234212 70.114 0.07367052538219211
14:46:02 49.7 774574080 89705354 561235358 69.14 0.0881304339758694
14:46:03 52.7 774541312 89705424 561235358 69.627 0.0881304339758694
14:46:04 53.4 774541312 89705424 561235358 70.601 0.0881304339758694
14:46:05 53.8 774557696 89705424 561235358 69.14 0.08812985803880957
14:46:06 50.8 774340608 89733662 561236036 69.627 0.10258807352969833
14:46:07 54.1 774369280 89735214 561236368 70.601 0.10258548800390366
14:46:08 52.0 774369280 89735214 561236368 69.14 0.10258529648865884
14:46:09 54.0 774369280 89735214 561236368 69.14 0.10258529648865884
14:46:10 44.4 776740864 89735214 561236368 69.14 0.10258424316759421
14:46:11 52.3 774602752 89757372 561237094 69.14 0.117035515589161
14:46:12 54.5 774602752 89757372 561237094 70.114 0.117035515589161
14:46:13 55.1 774602752 89757372 561237094 70.114 0.11703409562987548
14:46:14 51.3 772304896 89757486 561237262 70.114 0.11703409562987548
14:46:15 54.6 772239360 89808020 561238618 70.114 0.11703333105068563
14:46:16 53.5 772239360 89808020 561238618 70.601 0.11703333105068563
14:46:17 53.5 772239360 89808090 561238688 69.14 0.11703333105068563
14:46:18 51.0 773263360 89808090 561238688 69.14 0.11703333105068563
14:46:19 53.1 771485696 89834014 561239484 71.088 0.13148015369367433
14:46:20 55.1 771477504 89834014 561239484 70.114 0.13147929486879656
14:46:21 53.1 772001792 89834014 561239484 70.601 0.13147929486879656
14:46:22 51.8 773828608 89834014 561239484 70.601 0.13147929486879656
14:46:23 51.3 771743744 89864532 561240350 71.088 0.14592184481039197
14:46:24 54.4 771743744 89864532 561240350 70.114 0.14592184481039197
14:46:25 53.6 771743744 89864532 561240350 71.088 0.14592184481039197
14:46:26 53.7 774078464 89864532 561240350 70.601 0.1459208917968364
14:46:27 53.4 772214784 89917744 561241916 71.088 0.1459208917968364
14:46:28 54.0 772214784 89917786 561241976 71.088 0.14592061950953553
14:46:29 54.6 772214784 89917786 561241976 70.114 0.14601391913837794
14:46:30 52.2 775319552 89917786 561241976 71.575 0.14601391913837794
14:46:31 52.5 772472832 89946034 561242842 70.601 0.1604521579124428
14:46:32 53.9 772722688 89946034 561242842 70.601 0.16045096048440333
14:46:33 52.4 772722688 89946034 561242842 70.114 0.16045096048440333
14:46:34 54.7 774844416 89946034 561242842 71.088 0.16045096048440333
14:46:35 53.0 772722688 89996814 561244268 71.088 0.16045096048440333
14:46:36 54.4 772722688 89996814 561244268 71.575 0.16045096048440333
14:46:37 53.6 772714496 89996814 561244268 71.088 0.16045051145349623
14:46:38 51.8 775561216 89996814 561244268 71.088 0.16045051145349623
14:46:39 50.1 773488640 90030360 561245274 70.601 0.17488442762600337
14:46:40 55.1 773459968 90030360 561245274 70.601 0.17488442762600337
14:46:41 54.5 773976064 90030360 561245274 72.062 0.17488442762600337
14:46:42 53.5 776814592 90030360 561245274 71.088 0.174883285809772
14:46:43 44.9 774004736 90077050 561246560 71.088 0.174883285809772
14:46:44 56.4 774778880 90078252 561246890 71.575 0.174883285809772
14:46:45 54.4 774754304 90078252 561246890 71.575 0.174883285809772
14:46:46 53.4 774754304 90079187 561247265 71.088 0.174883285809772
14:46:47 53.3 774758400 90121197 561248497 71.088 0.174883285809772
14:46:48 54.1 774750208 90121197 561248497 71.575 0.17488263335004822
14:46:49 55.7 774750208 90121197 561248497 72.062 0.17488165466959085
14:46:50 54.5 775008256 90121197 561248497 71.088 0.17488165466959085
14:46:51 50.9 774811648 90163369 561249525 71.575 0.17488165466959085
14:46:52 54.0 774742016 90163369 561249525 72.549 0.17488165466959085
14:46:53 55.0 774995968 90163369 561249525 72.549 0.1748811653334698
14:46:54 55.4 774995968 90163369 561249525 72.062 0.1748811653334698
14:46:55 49.4 775200768 90198849 561250413 72.062 0.1893106399923623
14:46:56 53.9 775200768 90198849 561250413 71.575 0.1893106399923623
14:46:57 52.6 775200768 90198849 561250413 71.575 0.1893106399923623
14:46:58 54.0 775196672 90198919 561250483 71.575 0.18940389646526495
14:46:59 52.9 775245824 90236493 561251441 72.062 0.1894023067960667
14:47:00 52.2 775245824 90236493 561251441 72.062 0.18949556248626664
14:47:01 54.9 775221248 90236941 561251559 72.549 0.18949556248626664
14:47:02 54.2 775221248 90236941 561251559 73.036 0.18949556248626664
14:47:03 52.9 775442432 90265379 561252307 72.062 0.18949556248626664
14:47:04 53.9 775438336 90265379 561252307 73.036 0.1894946789134131
14:47:05 53.4 775462912 90265379 561252307 72.549 0.1894946789134131
14:47:06 55.4 777584640 90265379 561252307 73.036 0.1894946789134131
14:47:07 52.8 778051584 90294619 561253109 73.036 0.1894946789134131
14:47:08 53.2 778051584 90294619 561253109 72.062 0.1894946789134131
14:47:09 54.5 778051584 90294619 561253109 73.036 0.1894946789134131
14:47:10 53.2 780902400 90294619 561253109 72.062 0.189494148773656
14:47:11 53.4 778780672 90324595 561253927 72.549 0.189494148773656
14:47:12 54.2 778780672 90324595 561253927 72.549 0.189494148773656
14:47:13 54.5 778780672 90324595 561253927 72.062 0.189494148773656
14:47:14 52.7 781369344 90324709 561254095 72.549 0.18949308850304075
14:47:15 54.7 778514432 90354261 561254913 73.036 0.18958581258397977
14:47:16 53.8 778514432 90354261 561254913 72.549 0.18958581258397977
14:47:17 53.2 778514432 90354261 561254913 72.549 0.18958581258397977
14:47:18 50.9 780840960 90354331 561254983 72.062 0.18958581258397977
14:47:19 54.2 780869632 90378397 561255721 73.523 0.18958581258397977
14:47:21 53.8 780861440 90378397 561255721 73.036 0.18958492860432552
14:47:22 55.0 780861440 90378397 561255721 73.523 0.1896781823813075
14:47:23 50.9 783671296 90378397 561255721 73.036 0.1896781823813075
14:47:24 55.8 780558336 90394757 561256119 73.523 0.1896781823813075
14:47:25 53.9 780558336 90394757 561256119 72.549 0.1896781823813075
14:47:26 54.9 780558336 90394757 561256119 74.01 0.1896781823813075
14:47:27 50.1 779030528 90394757 561256119 73.523 0.19294116495105773
14:47:28 53.4 778788864 90439313 561257287 72.549 0.2041953044170871
14:47:29 53.4 778788864 90439383 561257357 73.036 0.2041953044170871
14:47:30 53.8 778788864 90439383 561257357 74.01 0.2041953044170871
14:47:31 51.0 781131776 90439383 561257357 73.036 0.20428854428211773
14:47:32 52.6 778788864 90476265 561258315 73.523 0.2186158887370982
14:47:33 54.5 778780672 90476265 561258315 73.523 0.21861446209247368
14:47:34 52.8 778780672 90476265 561258315 73.036 0.21861446209247368
14:47:35 52.0 781123584 90476265 561258315 74.497 0.21861446209247368
14:47:36 44.1 779550720 90508295 561259133 73.036 0.23303078558056767
14:47:37 53.9 779550720 90508295 561259133 74.984 0.23303078558056767
14:47:38 53.8 779542528 90508295 561259133 74.01 0.2330292650967718
14:47:39 55.1 780079104 90508295 561259133 74.01 0.2330292650967718
14:47:40 44.4 777707520 90535003 561259881 72.549 0.2330292650967718
14:47:41 56.0 777707520 90535003 561259881 74.01 0.2330292650967718
14:47:42 55.5 777707520 90535003 561259881 74.01 0.2330292650967718
14:47:43 53.1 779993088 90535003 561259881 74.01 0.2330286134669333
14:47:44 42.1 779956224 90571971 561261051 74.01 0.2474406378376577
14:47:45 54.7 779956224 90571971 561261051 73.036 0.2474406378376577
14:47:46 54.0 779956224 90571971 561261051 73.523 0.2474406378376577
14:47:47 54.7 779927552 90571971 561261051 72.549 0.2474406378376577
14:47:48 51.1 780201984 90603061 561261869 73.523 0.26184849897794055
14:47:49 55.3 780193792 90603131 561261939 73.036 0.26184679097322794
14:47:50 54.2 780193792 90603131 561261939 73.523 0.26184679097322794
14:47:51 54.1 783052800 90603131 561261939 73.523 0.26184679097322794
14:47:52 51.0 781508608 90635463 561262827 74.497 0.2762503969934826
14:47:53 54.3 781508608 90635505 561262887 73.523 0.2762503969934826
14:47:54 53.8 781508608 90635505 561262887 74.01 0.2762503969934826
14:47:55 54.4 781500416 90635505 561262887 74.01 0.2762485953189839
14:47:56 51.3 781504512 90685195 561264125 73.523 0.2762485953189839
14:47:57 54.4 781471744 90685195 561264125 74.01 0.2762485953189839
14:47:58 54.0 781467648 90685195 561264125 74.01 0.2763412502321963
14:47:59 54.2 781467648 90685265 561264471 74.497 0.2764344199052348
14:48:00 50.6 781500416 90736495 561265849 74.984 0.2764344199052348
14:48:01 53.5 781459456 90737135 561265967 74.497 0.27643313214600784
14:48:02 54.4 781434880 90737135 561265967 74.984 0.27643313214600784
14:48:03 55.4 781434880 90737135 561265967 73.523 0.27643184439877877
14:48:04 52.7 781578240 90781983 561267135 74.497 0.27643184439877877
14:48:05 54.0 781467648 90781983 561267135 74.497 0.27643184439877877
14:48:06 53.4 781459456 90781983 561267135 74.497 0.2764310717562003
14:48:07 53.6 781459456 90781983 561267135 74.497 0.2764310717562003
14:48:08 44.8 781455360 90820147 561268093 74.984 0.2764310717562003
14:48:09 53.7 781422592 90820147 561268093 74.497 0.2764310717562003
14:48:10 55.1 781422592 90820147 561268093 74.497 0.2764310717562003
14:48:11 53.5 781414400 90820147 561268093 75.471 0.2764302991179409
14:48:12 50.7 781447168 90857485 561269051 74.984 0.2764302991179409
14:48:13 55.0 781414400 90857485 561269051 74.984 0.2764302991179409
14:48:14 55.2 781414400 90857599 561269219 75.471 0.2764302991179409
14:48:15 54.3 781414400 90857599 561269219 74.984 0.2764302991179409
14:48:16 43.4 779096064 90887269 561269967 73.523 0.2764302991179409
14:48:17 54.8 779051008 90887339 561269967 74.01 0.27642952648400065
14:48:18 53.6 779051008 90887339 561269967 74.01 0.27642952648400065
14:48:19 53.2 779051008 90887339 561269967 74.497 0.27642952648400065
14:48:20 50.5 779051008 90913551 561270715 74.984 0.27642952648400065
14:48:21 55.1 779051008 90913551 561270715 74.497 0.27642952648400065
14:48:22 53.7 779051008 90913551 561270715 74.497 0.27642952648400065
14:48:23 54.2 779046912 90913551 561270715 75.958 0.2764287538543795
14:48:24 43.4 778821632 90935025 561271323 74.497 0.2764287538543795
14:48:25 53.8 778788864 90935095 561271323 74.984 0.2764287538543795
14:48:26 54.7 778788864 90935095 561271323 74.984 0.2764287538543795
14:48:27 55.1 778788864 90935095 561271323 74.01 0.2764287538543795
14:48:28 52.1 781209600 90957021 561271931 74.01 0.2764284963121322
14:48:29 52.8 781389824 90957021 561271931 74.497 0.27652089110441
14:48:30 52.7 781389824 90957021 561271931 74.497 0.27652089110441
14:48:31 53.5 781647872 90957091 561272001 74.497 0.27652089110441
14:48:32 50.1 781627392 90991521 561272889 74.01 0.2909198290205571
14:48:33 53.5 781627392 90991563 561272949 74.984 0.2909198290205571
14:48:34 53.9 781619200 90991563 561272949 74.984 0.2909179320094611
14:48:35 54.6 781619200 90991563 561272949 74.984 0.2909179320094611
14:48:36 42.9 781344768 90991563 561272949 73.523 0.2909179320094611
14:48:37 54.2 781307904 91007763 561273347 75.471 0.2909179320094611
14:48:38 54.5 781307904 91007763 561273347 74.497 0.2909179320094611
14:48:39 55.0 782348288 91007763 561273347 74.984 0.2909171190122791
14:48:40 50.4 782651392 91048271 561273347 74.984 0.30013927552275477
14:48:41 52.5 782831616 91048341 561274375 74.984 0.30531176576123675
14:48:42 53.5 782831616 91048341 561274375 75.958 0.30531176576123675
14:48:43 54.2 783347712 91048414 561274448 75.958 0.30531176576123675
14:48:44 51.8 783826944 91048712 561274660 74.984 0.3053086377639449
14:48:45 53.3 783634432 91069808 561275342 75.471 0.3053086377639449
14:48:46 54.8 783634432 91069808 561275342 74.984 0.3053086377639449
14:48:47 54.7 783286272 91069808 561275342 74.984 0.3053086377639449
14:48:48 51.0 783364096 91069808 561275342 74.497 0.3053086377639449
14:48:49 53.9 783319040 91091424 561275950 74.984 0.3053077846848981
14:48:50 53.8 783577088 91091424 561275950 74.497 0.3053077846848981
14:48:51 53.7 783818752 91091494 561276020 76.445 0.3053077846848981
14:48:52 52.5 781496320 91115864 561276090 74.984 0.3053077846848981
14:48:53 53.7 781496320 91115934 561276698 74.497 0.3053077846848981
14:48:54 55.8 781488128 91115934 561276698 75.958 0.3053069316106186
14:48:55 52.3 781488128 91116083 561276847 76.445 0.3053069316106186
14:48:56 52.2 780713984 91140337 561277525 75.471 0.3053069316106186
14:48:57 53.7 781225984 91140407 561277525 74.497 0.3054000697837762
14:48:58 54.4 781484032 91140407 561277525 75.958 0.3054000697837762
14:48:59 54.2 783597568 91140407 561277525 74.984 0.30539864757017027
14:49:00 54.2 783577088 91164375 561278323 74.984 0.3054917853095939
14:49:01 53.4 783552512 91164991 561278441 74.497 0.3054917853095939
14:49:02 53.5 783552512 91165061 561278511 75.471 0.3054917853095939
14:49:03 53.3 786305024 91165061 561278511 74.984 0.3054917853095939
14:49:04 52.0 784039936 91189749 561279189 75.958 0.3054903626755041
14:49:05 53.6 784039936 91189749 561279189 76.445 0.3054903626755041
14:49:06 54.1 784564224 91189749 561279189 76.932 0.3054903626755041
14:49:07 54.1 786894848 91189749 561279189 75.958 0.3054903626755041
14:49:08 51.5 786628608 91213665 561279727 76.445 0.3054903626755041
14:49:09 53.8 786628608 91213665 561279727 74.984 0.3054903626755041
14:49:11 53.4 786620416 91213665 561279727 74.984 0.3054895091014103
14:49:12 55.1 789209088 91213665 561279727 74.984 0.3054895091014103
14:49:13 51.9 786333696 91236271 561280335 76.445 0.3054895091014103
14:49:14 54.5 786333696 91236271 561280335 76.445 0.3054895091014103
14:49:15 55.0 786333696 91236385 561280503 75.958 0.3054895091014103
14:49:16 53.9 785559552 91236385 561280503 76.445 0.3054886555320864
14:49:17 53.2 784003072 91251425 561280971 75.471 0.3054886555320864
14:49:18 52.5 784003072 91251467 561281031 75.471 0.3054886555320864
14:49:19 54.6 784003072 91251467 561282369 75.958 0.3054886555320864
14:49:20 53.4 786849792 91251467 561283707 75.958 0.3054886555320864
14:49:21 51.4 783994880 91266077 561284275 76.445 0.3054878019675324
14:49:22 52.6 783994880 91266077 561284275 75.471 0.3054878019675324
14:49:23 55.3 783994880 91266147 561284345 76.445 0.3054878019675324
14:49:24 55.0 786841600 91266147 561284345 76.445 0.3054878019675324
14:49:25 50.8 783994880 91273607 561284603 75.958 0.3054878019675324
14:49:26 52.7 783994880 91273607 561284603 75.471 0.3054878019675324
14:49:27 54.6 784244736 91273607 561284603 75.958 0.30548694840774826
14:49:28 55.1 787091456 91273607 561284603 76.445 0.30548694840774826
14:49:29 52.4 784760832 91280151 561284861 76.445 0.30548694840774826
14:49:30 54.4 785276928 91280151 561284861 76.445 0.3054860948527339
14:49:31 51.7 785276928 91280151 561284861 75.471 0.30557923085726224
14:49:32 54.5 788123648 91280151 561284861 75.958 0.30557923085726224
14:49:33 50.4 785268736 91282617 561285049 76.445 0.3055783770467889
14:49:34 53.1 785268736 91282617 561285049 75.958 0.3055783770467889
14:49:35 54.5 785268736 91282617 561285049 75.958 0.3055783770467889
14:49:36 54.8 788373504 91282617 561285049 76.445 0.3055783770467889
14:49:37 51.0 785526784 91285235 561285167 76.932 0.3055783770467889
14:49:38 53.5 785526784 91285235 561285167 76.445 0.3055783770467889
14:49:39 54.1 785518592 91285235 561285167 76.445 0.3055775232410869
14:49:40 54.4 788365312 91285235 561285167 75.471 0.3055775232410869
14:49:41 44.2 786026496 91287973 561285285 75.958 0.3055775232410869
14:49:42 54.1 786026496 91287973 561285285 75.471 0.3055775232410869
14:49:43 52.5 786026496 91287973 561285285 76.445 0.3055775232410869
14:49:44 53.2 788873216 91288271 561285497 75.958 0.30557666944015605
14:49:45 42.5 785768448 91325445 561286455 75.471 0.3199664389101911
14:49:46 55.9 785768448 91325445 561286455 75.958 0.3199664389101911
14:49:47 54.7 785756160 91325445 561286455 76.445 0.3199664389101911
14:49:48 54.0 785756160 91325445 561286455 76.445 0.3199664389101911
14:49:49 51.4 784220160 91336587 561286783 75.958 0.3199664389101911
14:49:50 53.4 784723968 91336587 561286783 75.958 0.3199643532146651
14:49:51 53.9 784736256 91336587 561286783 75.958 0.3199643532146651
14:49:52 54.5 784736256 91336587 561286783 76.445 0.3199643532146651
14:49:53 42.8 784736256 91351009 561287197 75.958 0.3199643532146651
14:49:54 53.6 784994304 91351079 561287197 76.445 0.3199643532146651
14:49:55 54.2 784986112 91351079 561287197 76.932 0.3199634593534778
14:49:56 53.5 784986112 91351079 561287197 75.471 0.3199634593534778
14:49:57 52.0 784945152 91365847 561287595 77.419 0.32005658026714295
14:49:58 54.8 784945152 91365917 561287595 76.445 0.32005658026714295
14:49:59 54.2 784945152 91365917 561287595 76.445 0.32005658026714295
14:50:00 53.7 785195008 91365917 561287595 75.958 0.3200556861508054
14:50:01 52.9 785424384 91382329 561288111 76.932 0.3200550900760224
14:50:02 53.7 785682432 91382371 561288171 76.445 0.32014821055611437
14:50:03 54.2 785940480 91382371 561288171 76.932 0.32014821055611437
14:50:04 54.4 785940480 91382441 561288441 76.932 0.32014821055611437
14:50:05 50.1 785747968 91397771 561289125 76.445 0.32014821055611437
14:50:06 55.2 785731584 91397771 561289171 76.932 0.32014403688081655
14:50:07 53.6 785731584 91397771 561289171 76.932 0.32014403688081655
14:50:08 53.1 785731584 91397771 561289171 76.445 0.32014403688081655
14:50:09 50.3 785735680 91412835 561289639 75.958 0.32014403688081655
14:50:10 53.9 785731584 91412835 561289639 77.419 0.32014403688081655
14:50:11 55.0 785731584 91412835 561289639 76.445 0.32014403688081655
14:50:12 53.8 785981440 91412835 561289639 75.958 0.32014314253598203
14:50:13 44.4 785977344 91426869 561290037 76.445 0.32014314253598203
14:50:14 53.1 785944576 91426983 561290205 76.932 0.32014314253598203
14:50:15 54.2 785944576 91426983 561290205 76.932 0.32014314253598203
14:50:16 54.0 786202624 91426983 561290365 76.445 0.32014314253598203
14:50:17 51.7 786296832 91439395 561290763 77.419 0.32014314253598203
14:50:18 54.3 786223104 91439395 561290763 76.445 0.3201422481961444
14:50:19 54.5 786223104 91439395 561290763 76.445 0.3201422481961444
14:50:20 55.6 786481152 91439395 561290763 77.419 0.3201422481961444
14:50:21 51.4 786489344 91452607 561291161 75.471 0.3201422481961444
14:50:22 54.3 786710528 91452607 561291161 77.419 0.3201422481961444
14:50:23 56.7 787226624 91452607 561291161 76.932 0.3201422481961444
14:50:24 53.3 787218432 91452677 561291231 76.932 0.3201413538613035
14:50:25 51.8 787206144 91467287 561291629 75.958 0.3201413538613035
14:50:26 53.8 787202048 91467287 561291629 77.419 0.3201413538613035
14:50:27 54.4 787202048 91467287 561291629 76.932 0.3201413538613035
14:50:28 56.0 788508672 91467287 561291629 77.419 0.3201413538613035
14:50:29 51.6 787472384 91475093 561291887 76.445 0.3201404595314593
14:50:30 53.5 787468288 91475093 561291887 76.445 0.3201404595314593
14:50:31 54.6 787468288 91475093 561291887 76.932 0.3201401614226217
14:50:32 54.2 787468288 91475093 561291887 75.958 0.32023327956148806
14:50:33 50.1 790085632 91480979 561292075 76.932 0.32023327956148806
14:50:34 54.7 790040576 91480979 561292075 76.445 0.32023238497817724
14:50:35 54.5 790040576 91481049 561292145 75.958 0.32023238497817724
14:50:36 53.4 790040576 91481049 561292145 77.419 0.32023238497817724
14:50:37 52.0 788496384 91483575 561292263 77.419 0.32023238497817724
14:50:38 54.0 788492288 91483575 561292263 75.958 0.32023238497817724
14:50:39 53.3 788492288 91483575 561292263 76.932 0.32023238497817724
14:50:40 53.9 788484096 91483575 561292263 77.419 0.3202314903998645
14:50:41 44.1 787968000 91486137 561292487 76.932 0.3202314903998645
14:50:42 54.3 787968000 91486137 561292487 77.419 0.3202314903998645
14:50:43 53.2 787968000 91486137 561294369 77.419 0.3202314903998645
14:50:44 54.7 787968000 91486435 561295773 76.445 0.3202314903998645
14:50:45 45.0 787959808 91489077 561296313 76.445 0.32023059582654984
14:50:46 55.3 787959808 91489991 561296808 76.932 0.32023059582654984
14:50:47 55.8 788205568 91489991 561298112 76.445 0.32023059582654984
14:50:48 56.0 788205568 91489991 561298270 76.445 0.32023059582654984
14:50:49 50.1 789016576 91525835 561299228 76.932 0.33461549070014035
14:50:50 54.3 789008384 91525835 561299228 76.932 0.33461330993336713
14:50:51 53.6 789020672 91525835 561299228 76.445 0.33461330993336713
14:50:52 53.9 789020672 91525835 561299228 77.419 0.33461330993336713
14:50:53 52.3 788504576 91536809 561299556 77.419 0.33461330993336713
14:50:54 53.4 788496384 91536809 561299756 77.419 0.33461330993336713
14:50:55 55.0 788496384 91536879 561299826 76.445 0.33461330993336713
14:50:56 54.2 791351296 91536879 561299826 77.419 0.3347054783815291
14:50:57 51.8 788713472 91550521 561300224 78.393 0.3347054783815291
14:50:58 54.2 788713472 91550521 561300224 77.419 0.3347054783815291
14:50:59 54.5 788713472 91550521 561300224 76.932 0.3347054783815291
14:51:00 54.5 791093248 91550521 561300224 77.419 0.3347054783815291
14:51:01 49.9 791261184 91565639 561300900 76.932 0.3347045435210755
14:51:02 54.1 791261184 91565639 561300900 76.445 0.3347039202836744
14:51:03 54.5 791261184 91565639 561300900 76.932 0.33479702290405927
14:51:04 53.5 794132480 91565639 561300900 77.906 0.33479702290405927
14:51:05 43.9 791027712 91580891 561301438 76.932 0.33479702290405927
14:51:06 54.7 791027712 91580891 561301438 76.932 0.33479702290405927
14:51:07 54.2 791277568 91580891 561301438 77.419 0.33479484098467016
14:51:08 54.0 794124288 91580891 561301438 77.419 0.33479484098467016
14:51:10 52.3 791535616 91596227 561301906 77.419 0.33479484098467016
14:51:11 53.1 791535616 91596227 561301906 77.419 0.33479484098467016
14:51:12 54.4 791535616 91596227 561301906 77.419 0.33479484098467016
14:51:13 53.6 794374144 91596227 561301906 76.932 0.3347939058850666
14:51:14 44.4 792014848 91611579 561302374 75.471 0.3347939058850666
14:51:15 53.5 792014848 91611693 561302542 76.445 0.3347939058850666
14:51:16 54.7 792014848 91611693 561302542 76.932 0.3347939058850666
14:51:17 55.0 794345472 91611693 561302542 76.932 0.3347939058850666
14:51:18 52.1 791789568 91625795 561302940 76.445 0.3347939058850666
14:51:19 54.6 791748608 91625795 561302940 76.932 0.33479297079068654
14:51:20 53.8 791748608 91625795 561302940 76.932 0.33479297079068654
14:51:21 54.6 794595328 91625795 561302940 77.906 0.33479297079068654
14:51:22 52.2 792272896 91638627 561303338 76.932 0.33479297079068654
14:51:23 55.4 792236032 91638627 561303338 77.906 0.33479078892411335
14:51:24 55.2 792236032 91638627 561303338 76.445 0.33479078892411335
14:51:25 54.8 794816512 91638627 561303338 77.419 0.3347898538471448
14:51:26 52.7 794071040 91652069 561303752 77.906 0.3347898538471448
14:51:27 54.9 794034176 91652069 561303752 77.419 0.3347898538471448
14:51:28 54.5 794034176 91652069 561303752 77.419 0.3347898538471448
14:51:29 54.3 796880896 91652069 561303752 78.393 0.3347898538471448
14:51:30 44.6 794292224 91666091 561304150 76.445 0.3347889187753997
14:51:31 54.5 794292224 91666133 561304210 76.445 0.3347889187753997
14:51:32 53.4 794550272 91666133 561304210 77.906 0.3347889187753997
14:51:33 53.8 794025984 91666133 561304210 77.419 0.3347886070859787
14:51:34 51.4 794767360 91673413 561304468 77.906 0.33488170736603595
14:51:35 54.8 794763264 91673413 561304468 77.419 0.33488170736603595
14:51:36 53.3 795279360 91673413 561304468 76.932 0.33488077204122607
14:51:37 54.5 795373568 91673483 561304538 77.906 0.33488077204122607
14:51:38 51.5 794251264 91679859 561304796 76.932 0.33488077204122607
14:51:39 53.9 794247168 91679859 561304796 77.419 0.33488077204122607
14:51:40 54.0 794247168 91679859 561304796 76.445 0.33488077204122607
14:51:41 52.4 797351936 91679859 561304796 77.419 0.33488077204122607
14:51:42 43.7 792698880 91682669 561304914 77.419 0.3348798367216409
14:51:43 54.0 792948736 91682669 561304914 76.445 0.3348798367216409
14:51:44 52.3 792948736 91682967 561305126 77.419 0.3348798367216409
14:51:45 53.2 792948736 91682967 561305126 77.419 0.3348798367216409
14:51:46 49.4 790663168 91685925 561305244 76.445 0.3348798367216409
14:51:47 55.4 791101440 91685925 561305244 77.419 0.3348798367216409
14:51:48 55.9 791093248 91685925 561305244 77.419 0.33487890140728044
14:51:49 53.7 791093248 91685925 561305244 77.419 0.33487890140728044
14:51:50 51.6 791011328 91688795 561305362 76.932 0.33487890140728044
14:51:51 54.3 791363584 91688795 561305362 77.906 0.33487890140728044
14:51:52 53.8 791879680 91688795 561305362 77.906 0.33487890140728044
14:51:53 54.8 791871488 91688795 561305362 76.932 0.3348779660981445
14:51:54 51.8 791904256 91691269 561305480 77.906 0.3348779660981445
14:51:55 55.2 791904256 91691269 561305480 76.932 0.3348779660981445
14:51:56 53.6 791900160 91691269 561305480 77.906 0.33497106533809395
14:51:57 52.2 791900160 91691339 561305550 77.906 0.33497106533809395
14:51:58 44.6 791900160 91693989 561305668 76.932 0.33497106533809395
14:51:59 53.8 791855104 91693989 561305668 77.906 0.3349701297741593
14:52:00 54.9 791855104 91693989 561305668 77.906 0.3349701297741593
14:52:01 55.0 792047616 91694553 561305786 77.906 0.3349701297741593
14:52:02 50.6 792264704 91697075 561305904 77.419 0.3349701297741593
14:52:03 55.0 792125440 91697075 561305904 77.419 0.3349701297741593
14:52:04 54.4 792375296 91697075 561305904 77.419 0.3349685705125482
14:52:05 53.2 792399872 91697075 561305904 77.419 0.33506166905910534
14:52:06 51.5 792629248 91699933 561306022 76.932 0.33506166905910534
14:52:07 54.3 792592384 91699933 561306022 76.932 0.33506166905910534
14:52:08 55.2 792592384 91700003 561306092 77.906 0.33506166905910534
14:52:09 53.7 792584192 91700003 561306092 76.445 0.33505979744429626
14:52:10 38.5 792940544 91702533 561306210 76.445 0.33505979744429626
14:52:11 27.9 793866240 91940069 561363421 76.445 0.33515289547081595
14:52:12 28.6 795127808 91943901 561513845 75.958 0.33515289547081595
14:52:13 31.2 795287552 91965276 561514694 74.984 0.33515289547081595
14:52:14 1.0 795279360 91965460 561515050 74.497 0.33515164739253767
14:52:15 1.5 795373568 91965502 561515110 74.01 0.33515164739253767
14:52:16 1.5 795373568 91965502 561515110 73.036 0.33515164739253767
14:52:17 2.5 796991488 91965502 561515110 73.036 0.33515164739253767
14:52:18 2.3 796991488 91965502 561515110 73.523 0.33515164739253767
14:52:19 2.3 796983296 91965502 561515110 72.549 0.3351507113399291
14:52:20 3.3 797241344 91965502 561515110 73.036 0.3351507113399291
14:52:21 3.8 797241344 91965502 561515110 71.575 0.3351507113399291
14:52:22 3.9 797241344 91965502 561515110 71.088 0.3351507113399291
14:52:23 4.3 797241344 91965502 561515110 71.088 0.3351507113399291
14:52:24 3.8 797491200 91965502 561515110 70.601 0.3351497752925491
14:52:25 4.6 797491200 91965502 561515110 71.088 0.3351497752925491
14:52:26 4.3 797491200 91965502 561515110 71.088 0.3351497752925491
14:52:27 4.6 797491200 91965502 561515110 70.601 0.3351497752925491
14:52:28 5.1 797491200 91965572 561515180 70.601 0.3351497752925491
14:52:29 3.8 797483008 91965572 561515180 69.627 0.33514883925039773
14:52:30 4.3 797483008 91965572 561515180 68.653 0.33514883925039773
14:52:31 4.3 797483008 91965572 561515180 69.14 0.33514883925039773
14:52:32 4.3 797483008 91965572 561515180 69.14 0.33514883925039773
14:52:33 3.6 797483008 91965572 561515180 69.14 0.33514883925039773
14:52:34 4.3 797483008 91965572 561515180 68.653 0.33514883925039773
14:52:35 4.3 797474816 91965572 561515180 68.653 0.3351475912023292
14:52:36 4.1 797474816 91965572 561515180 68.653 0.3352406877554409
14:52:37 5.5 797474816 91965572 561515180 68.166 0.3352406877554409
14:52:38 4.3 797474816 91965572 561515180 68.166 0.3352406877554409
14:52:39 4.6 797474816 91965642 561515250 68.166 0.3352406877554409
14:52:40 3.6 797474816 91965642 561515250 68.166 0.33523943936999
14:52:41 4.1 797466624 91965642 561515250 68.653 0.33523850308700337
14:52:42 4.1 797466624 91965642 561515250 67.192 0.33523850308700337
14:52:43 4.1 797466624 91965642 561515250 68.653 0.33523850308700337
14:52:44 4.3 797466624 91965940 561515462 67.679 0.33523850308700337
14:52:45 5.1 797466624 91965940 561515462 68.166 0.3352381909938367
14:52:46 5.3 797458432 91965940 561515462 67.192 0.3352372547178232
14:52:47 5.1 795541504 91965940 561515462 68.166 0.3352372547178232
14:52:48 5.1 795541504 91965940 561515462 68.166 0.3352372547178232
14:52:49 4.8 795541504 91965940 561515462 66.705 0.3352372547178232
14:52:50 4.6 795541504 91965940 561515462 67.192 0.3352372547178232
14:52:51 4.1 797966336 91965940 561515462 66.705 0.3352363184470394
14:52:52 4.6 797966336 91965940 561515462 67.679 0.3352363184470394
14:52:53 4.8 797966336 91965940 561515462 67.192 0.3352363184470394
14:52:54 4.8 797966336 91965940 561515462 67.192 0.3352363184470394
14:52:55 5.3 797966336 91965940 561515462 66.705 0.3352363184470394
14:52:56 4.8 797966336 91965940 561515462 67.679 0.33532941378679143
14:52:57 4.6 797970432 91965940 561515462 66.705 0.3353284772612358
14:52:58 4.8 797962240 91965940 561515462 66.218 0.3353284772612358
14:52:59 3.6 797962240 91966010 561515532 65.731 0.3353284772612358
14:53:00 4.6 797962240 91966010 561515532 66.705 0.3353284772612358
14:53:01 4.9 795525120 91966638 561515650 66.218 0.3353284772612358
14:53:02 4.8 795525120 91966638 561515650 66.705 0.3353284772612358
14:53:03 4.1 795516928 91966638 561515650 66.705 0.3353275407409114
14:53:04 3.8 795590656 91966680 561515710 66.705 0.3353275407409114
14:53:05 5.8 797958144 91966680 561515710 65.731 0.3353275407409114
14:53:06 4.8 797958144 91966680 561515710 66.218 0.3354200110433524
14:53:07 4.6 797958144 91966680 561515710 65.244 0.3354200110433524
14:53:08 4.1 797958144 91966680 561515710 66.705 0.3354200110433524
14:53:10 4.6 797949952 91966750 561515710 65.731 0.33541813750537763
14:53:11 3.8 797949952 91966750 561515780 65.244 0.33541813750537763
14:53:12 4.6 797949952 91966750 561515780 66.218 0.33541813750537763
14:53:13 3.1 796917760 91966750 561515780 65.731 0.33541813750537763
14:53:14 4.3 796917760 91966750 561515780 64.757 0.33541813750537763
14:53:15 4.3 796917760 91966864 561515948 65.731 0.33541813750537763
14:53:16 4.8 796909568 91966864 561515948 64.27 0.3354172007442389
14:53:17 4.6 796909568 91966864 561515948 64.27 0.3354172007442389
14:53:18 4.3 796909568 91966864 561515948 65.731 0.3354172007442389
14:53:19 4.1 796909568 91966864 561515948 64.757 0.3354172007442389
14:53:20 5.1 796909568 91966864 561515948 64.757 0.3354172007442389
14:53:21 4.1 796909568 91966864 561515948 65.731 0.3354172007442389
14:53:22 5.1 796901376 91966864 561515948 65.244 0.33541501498859666
14:53:23 4.8 796901376 91966864 561515948 64.757 0.33541501498859666
14:53:24 4.3 796901376 91966864 561515948 65.244 0.33541501498859666
14:53:25 4.6 796901376 91966864 561515948 65.244 0.33541501498859666
14:53:26 4.3 796901376 91966864 561515948 65.244 0.33541501498859666
14:53:27 4.3 796901376 91966864 561515948 65.731 0.33541501498859666
14:53:28 4.6 796893184 91966864 561515948 65.244 0.33541407824489905
14:53:29 4.6 796893184 91966864 561515948 64.757 0.33541407824489905
14:53:30 4.8 797122560 91966934 561516018 64.27 0.33541407824489905
14:53:31 4.6 797122560 91966934 561516018 63.783 0.33541407824489905
14:53:32 4.6 797122560 91966934 561516018 65.244 0.33541407824489905
14:53:33 5.1 797122560 91966934 561516018 65.244 0.33541407824489905
14:53:34 3.4 797114368 91966934 561516018 64.757 0.3354131415064337
14:53:35 4.3 797114368 91966934 561516018 64.27 0.3354131415064337
14:53:36 4.3 797114368 91966934 561516018 65.244 0.3354131415064337
14:53:37 4.1 797114368 91966934 561516018 64.27 0.3354128292614413
14:53:38 3.8 797114368 91966934 561516018 64.27 0.33550592191458073
14:53:39 4.8 797114368 91966934 561516018 65.244 0.33550592191458073
14:53:40 4.6 797106176 91966934 561516018 64.27 0.3355049849231051
14:53:41 4.1 797106176 91967004 561516088 64.27 0.3355049849231051
14:53:42 4.3 797106176 91967004 561516088 63.296 0.3355049849231051
14:53:43 5.1 797106176 91967004 561516088 63.783 0.3355049849231051
14:53:44 5.6 797106176 91967302 561516300 62.809 0.3355049849231051
14:53:45 4.6 797106176 91967302 561516300 64.27 0.3355049849231051
14:53:46 4.3 797097984 91967344 561516360 64.27 0.33550404793686306
14:53:47 5.9 797011968 91967344 561516360 63.783 0.33550404793686306
14:53:48 4.8 796987392 91967344 561516360 63.783 0.33550404793686306
14:53:49 4.8 796987392 91967344 561516360 63.783 0.33550404793686306
14:53:50 5.3 796987392 91967344 561516360 63.783 0.33550404793686306
14:53:51 3.9 795799552 91967344 561516360 63.296 0.33550404793686306
14:53:52 3.6 795799552 91967344 561516360 64.757 0.33550311095585456
14:53:53 4.6 795791360 91967344 561516360 64.27 0.33550311095585456
14:53:54 4.3 796315648 91967344 561516360 63.296 0.33550311095585456
14:53:55 3.8 796315648 91967344 561516360 63.783 0.33550311095585456
14:53:56 5.1 796315648 91967344 561516360 63.783 0.33550311095585456
14:53:57 3.8 796311552 91967344 561516360 63.783 0.33559620282903874
14:53:58 4.6 796307456 91967344 561516360 64.27 0.33559526559328157
14:53:59 4.6 796307456 91967344 561516360 63.783 0.33559526559328157
14:54:00 5.1 796307456 91967344 561516360 63.783 0.33559526559328157
14:54:01 5.1 795705344 91967870 561516494 62.809 0.33559526559328157
14:54:02 5.1 795668480 91967870 561516494 62.809 0.33559526559328157
14:54:03 4.3 795668480 91967870 561516494 63.296 0.33559526559328157
14:54:04 3.8 795660288 91967870 561516494 62.809 0.3355943283627593
14:54:05 4.1 798105600 91967870 561516494 63.296 0.3355943283627593
14:54:06 4.6 798105600 91967870 561516494 62.809 0.3355943283627593
14:54:07 4.1 798105600 91967870 561516494 62.809 0.3355937035453194
14:54:08 4.3 798105600 91967870 561516494 63.296 0.335686794725221
14:54:09 3.9 798105600 91967870 561516494 63.296 0.335686794725221
14:54:10 4.8 798105600 91967870 561516494 62.322 0.3356849197669056
14:54:11 5.1 798105600 91967870 561516494 62.809 0.3356849197669056
14:54:12 4.6 798105600 91967940 561516624 63.296 0.3356849197669056
14:54:13 4.8 798105600 91967940 561516624 62.809 0.3356849197669056
14:54:14 4.1 798105600 91968054 561516972 63.296 0.3356849197669056
14:54:15 4.6 798105600 91968054 561516972 63.783 0.3356849197669056
14:54:16 4.3 798097408 91968204 561517258 61.348 0.33568398229560226
14:54:17 3.8 798097408 91968204 561517756 61.835 0.33568398229560226
14:54:18 3.4 798097408 91968204 561517756 62.809 0.33568398229560226
14:54:19 4.6 798097408 91968204 561517756 63.296 0.33568398229560226
14:54:20 4.1 798097408 91968204 561517756 63.296 0.33568398229560226
14:54:21 4.8 798097408 91968204 561517756 61.348 0.33568398229560226
14:54:22 3.8 798089216 91968204 561517756 63.296 0.3356830448295351
14:54:23 5.8 798089216 91968204 561517756 61.835 0.3356830448295351
14:54:24 3.8 798089216 91968204 561517756 61.835 0.3356830448295351
14:54:25 3.8 798089216 91968204 561517756 62.322 0.3356830448295351
14:54:26 4.6 798089216 91968204 561517756 61.835 0.3356830448295351
14:54:27 5.5 798089216 91968204 561517756 62.322 0.3356830448295351
14:54:28 4.6 798081024 91968204 561517756 62.809 0.3356808574290742
14:54:29 5.5 798081024 91968204 561517756 62.322 0.3356808574290742
14:54:30 4.1 798081024 91968204 561517756 62.809 0.3356808574290742
14:54:31 5.5 798081024 91968204 561517756 61.835 0.3356808574290742
14:54:32 3.8 798081024 91968274 561517826 62.322 0.3356808574290742
14:54:33 4.8 798081024 91968274 561517826 61.835 0.3356808574290742
14:54:34 4.8 798072832 91968274 561517826 62.322 0.3356799199804606
14:54:35 4.6 798072832 91968274 561517826 61.835 0.3356799199804606
14:54:36 5.1 798072832 91968274 561517886 62.809 0.3356799199804606
14:54:37 4.1 798072832 91968316 561517946 61.835 0.3356799199804606
14:54:38 4.6 798072832 91968316 561517946 61.348 0.33567960749875286
14:54:39 4.6 798072832 91968316 561517946 60.861 0.3357726966855246
14:54:40 5.1 798322688 91968316 561517946 62.809 0.33577175898392503
14:54:41 4.6 798322688 91968316 561517946 62.322 0.33577175898392503
14:54:42 4.6 798322688 91968316 561517946 61.348 0.33577175898392503
14:54:43 4.8 798322688 91968386 561518016 61.835 0.33577175898392503
14:54:44 4.3 798314496 91968668 561518298 61.835 0.33577175898392503
14:54:45 4.3 798310400 91968668 561518298 61.348 0.33577082128756286
14:54:46 4.1 798310400 91969582 561518673 61.348 0.33577082128756286
14:54:47 5.6 798314496 91969582 561518673 62.809 0.33577082128756286
14:54:48 4.8 798208000 91969582 561518673 61.348 0.33577082128756286
14:54:49 5.1 798208000 91969582 561518673 62.322 0.33577082128756286
14:54:50 4.1 798208000 91969582 561518673 60.861 0.33577082128756286
14:54:51 4.3 801148928 91969582 561518673 61.835 0.335769883596438
14:54:52 4.6 801148928 91969582 561518733 61.348 0.335769883596438
14:54:53 5.1 801148928 91969582 561518733 62.322 0.335769883596438
14:54:54 4.6 800616448 91969582 561518733 60.861 0.335769883596438
14:54:55 4.1 800616448 91969582 561518733 61.348 0.335769883596438
14:54:56 5.3 800616448 91969582 561518733 61.835 0.33576894591055045
14:54:57 3.9 801656832 91969582 561518733 61.348 0.3358620340574622
14:54:58 3.6 801656832 91969582 561518733 62.322 0.3358620340574622
14:54:59 4.3 801656832 91969582 561518733 61.348 0.3358620340574622
14:55:00 4.6 801914880 91969582 561518733 62.322 0.3358620340574622
14:55:01 3.9 799469568 91970130 561518851 61.835 0.3358620340574622
14:55:02 3.1 799465472 91970130 561518851 61.348 0.33586109611685044
14:55:03 4.3 799465472 91970200 561518921 60.861 0.33586109611685044
14:55:04 4.3 801910784 91970200 561518921 61.835 0.33586109611685044
14:55:05 3.8 801910784 91970200 561518921 60.861 0.33586109611685044
14:55:06 3.8 801910784 91970200 561518921 60.374 0.33586109611685044
14:55:07 4.8 801644544 91970200 561518921 61.835 0.33586015818147735
14:55:08 4.8 801644544 91970200 561518921 61.348 0.33585953289413895
14:55:09 4.6 801644544 91970200 561518921 60.861 0.3359526203478236
14:55:10 3.4 801644544 91970200 561518981 60.861 0.3359526203478236
14:55:11 4.8 801644544 91970200 561518981 60.861 0.3359526203478236
14:55:12 3.8 801636352 91970200 561518981 60.861 0.33595074397986435
14:55:13 4.6 801636352 91970200 561518981 60.861 0.33595074397986435
14:55:14 4.1 801636352 91970330 561519219 60.861 0.33595074397986435
14:55:15 4.1 801636352 91970330 561519219 61.348 0.33595074397986435
14:55:16 4.1 801636352 91970330 561519219 61.835 0.33595074397986435
14:55:18 4.8 801628160 91970330 561519219 61.835 0.33594980580374467
14:55:19 3.8 801628160 91970330 561519219 61.835 0.33594980580374467
14:55:20 3.8 801628160 91970330 561519219 61.348 0.33594980580374467
14:55:21 4.1 801628160 91970330 561519219 60.861 0.33594980580374467
14:55:22 4.6 801628160 91970330 561519219 62.322 0.33594980580374467
14:55:23 4.3 801619968 91970330 561519219 60.861 0.33594886763286486
14:55:24 3.8 801619968 91970330 561519219 60.861 0.33594886763286486
14:55:25 4.6 801619968 91970330 561519219 61.348 0.33594886763286486
14:55:26 4.6 801619968 91970330 561519219 60.861 0.33594886763286486
14:55:27 4.6 801619968 91970330 561519219 61.348 0.33594886763286486
14:55:28 3.3 801611776 91970330 561519219 61.348 0.33594792946722485
14:55:29 3.8 801611776 91970330 561519219 61.348 0.33594792946722485
14:55:30 4.6 801611776 91970330 561519219 60.374 0.33594792946722485
14:55:31 4.1 801611776 91970330 561519219 61.348 0.33594792946722485
14:55:32 4.3 801611776 91970330 561519219 59.887 0.33594792946722485
14:55:33 3.8 801607680 91970330 561519219 60.374 0.3359469913068247
14:55:34 4.8 801607680 91970330 561519219 60.374 0.3359469913068247
14:55:35 4.3 801607680 91970400 561519289 60.374 0.3359469913068247
14:55:36 5.1 801607680 91970400 561519289 60.861 0.3359469913068247
14:55:37 5.3 801607680 91970400 561519289 61.348 0.3359469913068247
14:55:38 5.1 801079296 91970400 561519289 61.835 0.3359460531516643
14:55:39 4.6 801079296 91970400 561519289 60.861 0.3359460531516643
14:55:40 3.6 801079296 91970442 561519349 61.348 0.33594574043444186
14:55:41 4.8 801345536 91970442 561519349 59.887 0.3360388259818053
14:55:42 4.6 801345536 91970442 561519349 61.348 0.3360388259818053
14:55:43 4.3 801337344 91970442 561519349 61.348 0.33603788757368425
14:55:44 4.6 801337344 91970889 561519710 61.348 0.33603788757368425
14:55:45 4.3 801337344 91970959 561519780 61.348 0.3360369491708044
14:55:46 4.3 801337344 91970959 561519780 60.861 0.3360369491708044
14:55:47 5.1 799158272 91970959 561519780 60.374 0.3360369491708044
14:55:48 4.1 799129600 91970959 561519780 60.374 0.3360360107731656
14:55:49 4.6 799129600 91971043 561519900 60.861 0.3360360107731656
14:55:50 3.8 799129600 91971043 561519900 60.861 0.3360360107731656
14:55:51 5.3 801562624 91971043 561519900 61.348 0.3360360107731656
14:55:52 3.6 801562624 91971043 561519900 60.861 0.3360360107731656
14:55:53 4.1 801562624 91971043 561519900 60.374 0.3360360107731656
14:55:54 5.6 801554432 91971043 561519900 60.861 0.33603507238076774
14:55:55 4.6 801812480 91971043 561519900 60.861 0.33603507238076774
14:55:56 3.4 801812480 91971043 561519900 59.887 0.33603507238076774
14:55:57 4.1 801808384 91971043 561519900 59.887 0.33612815688835246
14:55:58 4.6 801808384 91971043 561519900 60.374 0.33612815688835246
14:55:59 4.1 801808384 91971043 561519900 60.861 0.33612815688835246
14:56:00 4.6 801800192 91971043 561519900 60.374 0.3361272182412546
14:56:01 5.6 798838784 91971651 561520018 59.887 0.3361272182412546
14:56:02 3.9 798838784 91971651 561520018 60.861 0.3361272182412546
14:56:03 4.8 798838784 91971651 561520018 60.374 0.3361272182412546
14:56:04 3.9 798838784 91971651 561520018 60.861 0.3361272182412546
14:56:05 4.3 801800192 91971721 561520088 59.887 0.3361272182412546
14:56:06 4.3 801792000 91971721 561520088 60.861 0.3361262795993991
14:56:07 4.6 801792000 91971721 561520088 59.4 0.3361262795993991
14:56:08 4.1 801792000 91971721 561520088 60.374 0.3361262795993991
14:56:09 3.8 801792000 91971721 561520088 59.887 0.3361262795993991
14:56:10 5.5 801792000 91971721 561520088 60.861 0.3361256538410745
14:56:11 4.6 801792000 91971721 561520088 61.348 0.3362187376554863
14:56:12 5.1 801783808 91971721 561520088 59.887 0.33621685987461913
14:56:13 4.3 801783808 91971721 561520088 60.374 0.33621685987461913
14:56:14 4.3 801783808 91971835 561520256 60.374 0.33621685987461913
14:56:15 5.1 801783808 91971835 561520256 59.887 0.33621685987461913
14:56:16 4.6 801783808 91971905 561520326 60.374 0.33621685987461913
14:56:17 3.8 801783808 91971905 561520326 60.374 0.33621685987461913
14:56:18 4.6 801775616 91971905 561520326 59.887 0.33621592099205105
14:56:19 4.3 801775616 91971905 561520326 59.887 0.33621592099205105
14:56:20 4.1 801775616 91971905 561520326 60.861 0.33621592099205105
14:56:21 4.8 801775616 91971947 561520386 59.887 0.3362149821147266
14:56:22 4.8 801775616 91971947 561520386 59.887 0.3362149821147266
14:56:23 4.8 801775616 91972063 561520732 60.374 0.3362149821147266
14:56:24 3.1 801771520 91972063 561520778 60.861 0.33621404324264575
14:56:25 3.8 801771520 91972063 561520778 59.4 0.33621404324264575
14:56:26 5.1 801771520 91972063 561520778 60.374 0.33621404324264575
14:56:27 5.6 801771520 91972063 561520778 60.861 0.33621404324264575
14:56:28 4.3 801771520 91972063 561520778 60.861 0.33621404324264575
14:56:29 5.3 801771520 91972063 561520778 60.861 0.33621404324264575
14:56:30 4.6 801771520 91972063 561520778 59.887 0.3362131043758084
14:56:31 3.6 801759232 91972063 561520778 59.887 0.3362131043758084
14:56:32 4.3 802017280 91972063 561520778 59.4 0.3362131043758084
14:56:33 4.6 802017280 91972063 561520778 59.887 0.3362131043758084
14:56:34 4.8 801767424 91972063 561520778 59.4 0.3362131043758084
14:56:35 4.1 801767424 91972063 561520778 60.374 0.3362131043758084
14:56:36 4.8 801759232 91972133 561520848 59.887 0.3362121655142146
14:56:37 4.3 801759232 91972133 561520848 60.861 0.3362121655142146
14:56:38 4.3 801759232 91972133 561520848 60.861 0.3362121655142146
14:56:39 4.1 801759232 91972133 561520848 59.4 0.3362121655142146
14:56:40 4.1 801759232 91972133 561520848 59.4 0.3362121655142146
14:56:41 4.3 801755136 91972133 561520848 60.374 0.33621091370691264
14:56:42 4.1 801755136 91972133 561520848 60.861 0.33630399535522576
14:56:43 4.8 801755136 91972133 561520848 59.887 0.33630399535522576
14:56:44 4.6 801755136 91972431 561521060 59.887 0.33630399535522576
14:56:45 3.6 801755136 91972431 561521060 59.4 0.33630399535522576
14:56:46 4.3 801746944 91972431 561521060 59.4 0.3363030562459415
14:56:47 4.9 799199232 91972501 561521130 59.887 0.3363030562459415
14:56:48 4.1 799199232 91972501 561521130 60.861 0.3363030562459415
14:56:49 4.6 799199232 91972501 561521130 60.374 0.3363030562459415
14:56:50 4.8 799199232 91972501 561521130 58.913 0.3363030562459415
14:56:51 4.8 798593024 91972501 561521130 60.374 0.3363030562459415
14:56:52 5.1 798527488 91972501 561521130 59.4 0.33630211714190206
14:56:53 4.1 798527488 91972501 561521130 60.374 0.33630211714190206
14:56:54 4.6 798527488 91972501 561521130 59.4 0.33630211714190206
14:56:55 4.8 798527488 91972501 561521130 59.887 0.33630211714190206
14:56:56 3.8 798527488 91972501 561521130 60.374 0.33630211714190206
14:56:57 4.6 798527488 91972501 561521130 58.913 0.33630211714190206
14:56:58 4.6 798527488 91972501 561521130 59.887 0.3363942589116496
14:56:59 4.8 798515200 91972501 561521130 59.887 0.3363942589116496
14:57:00 4.6 798515200 91972501 561521130 59.887 0.3363942589116496
14:57:01 4.6 796327936 91972945 561521248 58.913 0.3363942589116496
14:57:02 4.3 796327936 91972945 561521248 59.4 0.3363942589116496
14:57:03 4.8 796319744 91972945 561521248 60.374 0.3363933195581789
14:57:04 5.5 796319744 91972945 561521248 59.4 0.3363933195581789
14:57:05 3.4 797732864 91972945 561521248 59.4 0.3363933195581789
14:57:06 4.3 797732864 91972987 561521308 59.4 0.3363933195581789
14:57:07 4.3 797732864 91973057 561521378 59.887 0.3363933195581789
14:57:08 3.3 797732864 91973057 561521378 59.887 0.3363933195581789
14:57:09 4.1 797724672 91973057 561521378 59.887 0.3363923802099543
14:57:10 4.1 797724672 91973057 561521378 59.887 0.3363923802099543
14:57:11 4.3 797724672 91973057 561521378 59.887 0.33639175398071913
14:57:12 5.1 797724672 91973057 561521378 59.887 0.33648483415614266
14:57:13 5.3 797724672 91973057 561521378 59.4 0.33648483415614266
14:57:14 3.3 797716480 91973171 561521546 58.426 0.3364829549625942
14:57:15 4.1 797716480 91973171 561521546 59.4 0.3364829549625942
14:57:16 4.8 797716480 91973171 561521546 59.4 0.3364829549625942
14:57:17 4.8 797716480 91973171 561521546 60.374 0.3364829549625942
14:57:18 4.6 797716480 91973241 561521616 59.4 0.3364829549625942
14:57:19 4.8 797712384 91973241 561521616 58.913 0.3364820153736911
14:57:20 4.6 797712384 91973241 561521616 59.4 0.3364820153736911
14:57:21 4.3 797712384 91973241 561521616 59.4 0.3364820153736911
14:57:23 12.2 798199808 91977706 561722949 60.861 0.3365750947693685
14:57:24 29.4 798965760 91977706 561722949 60.861 0.3365750947693685
14:57:25 29.3 799989760 91977706 561722949 61.348 0.3365738416457772
14:57:26 28.9 799989760 91977706 561722949 61.835 0.3365738416457772
14:57:27 29.4 802320384 91977706 561722949 61.835 0.3365738416457772
14:57:28 60.2 803610624 91977790 561723069 63.783 0.3365738416457772
14:57:29 56.6 803868672 91977790 561723069 63.296 0.3365738416457772
14:57:30 53.2 804122624 91977790 561723069 64.757 0.33657290180920735
14:57:31 48.2 804122624 91977790 561723069 64.757 0.33657290180920735
14:57:32 52.9 803848192 92019150 561724097 65.244 0.35085674307456366
14:57:33 54.5 804089856 92019150 561724097 66.218 0.35085674307456366
14:57:34 54.9 804347904 92019150 561724097 65.244 0.35085674307456366
14:57:35 53.4 804364288 92019150 561724097 65.244 0.3508544574046286
14:57:36 47.1 803807232 92040590 561724705 65.244 0.3508544574046286
14:57:37 55.2 803807232 92040590 561724705 65.731 0.3508544574046286
14:57:38 53.8 803807232 92040590 561724705 67.679 0.3508521717644735
14:57:39 54.3 806137856 92040660 561724775 66.218 0.3508521717644735
14:57:40 43.4 803557376 92062368 561725313 67.192 0.3508521717644735
14:57:41 54.8 803549184 92062368 561725313 67.192 0.35085119221352323
14:57:42 54.7 804065280 92062368 561725313 67.679 0.35085119221352323
14:57:43 53.6 806875136 92062368 561725313 67.679 0.3508508656977552
14:57:44 52.2 804773888 92085028 561726133 67.679 0.35094392958786075
14:57:45 54.4 804773888 92085028 561726133 68.653 0.35094392958786075
14:57:46 54.5 804765696 92085028 561726133 67.679 0.35094294978437734
14:57:47 54.3 801935360 92085028 561726133 69.14 0.35094294978437734
14:57:48 50.6 801914880 92107774 561726741 67.679 0.35094294978437734
14:57:49 53.1 801914880 92107816 561726801 68.166 0.35094294978437734
14:57:50 55.0 801914880 92107886 561726871 68.653 0.35094294978437734
14:57:51 54.9 804773888 92107886 561726871 69.14 0.35094294978437734
14:57:52 50.1 802983936 92146510 561728017 67.679 0.36522138638736146
14:57:53 53.0 802983936 92146510 561728017 69.627 0.36522138638736146
14:57:54 54.9 803241984 92146510 561728017 69.627 0.36522138638736146
14:57:55 53.0 805326848 92146510 561728017 69.14 0.36522138638736146
14:57:56 53.7 803434496 92178054 561728953 69.14 0.36522138638736146
14:57:57 52.7 803426304 92178054 561728953 70.114 0.36521900753246755
14:57:58 53.2 803422208 92178054 561728953 69.627 0.36531171704067267
14:57:59 53.8 805752832 92178054 561728953 69.627 0.36531171704067267
14:58:00 51.3 803385344 92207860 561729889 69.627 0.36531171704067267
14:58:01 53.4 803385344 92208540 561730007 70.601 0.36531171704067267
14:58:02 54.2 803360768 92208540 561730007 70.601 0.36531171704067267
14:58:03 55.4 806158336 92208540 561730007 70.601 0.3653106972830715
14:58:04 52.9 803364864 92239888 561730943 70.114 0.3653106972830715
14:58:05 53.6 803385344 92239888 561730943 69.627 0.3653106972830715
14:58:06 53.3 803385344 92239888 561730943 70.114 0.3653106972830715
14:58:07 54.4 805715968 92239888 561730943 70.114 0.3653106972830715
14:58:08 52.1 805445632 92267402 561731739 69.14 0.3653096775311635
14:58:09 54.3 805441536 92267472 561731809 69.627 0.3653096775311635
14:58:10 53.7 805441536 92267472 561731809 71.088 0.3653096775311635
14:58:11 54.4 808288256 92267472 561731809 70.114 0.3653096775311635
14:58:12 50.4 805474304 92294714 561732675 70.114 0.3653096775311635
14:58:13 55.1 805441536 92294714 561732675 70.601 0.3653096775311635
14:58:14 54.1 805433344 92294828 561732843 71.575 0.36530865778494875
14:58:15 54.1 808280064 92294828 561732843 71.088 0.36530865778494875
14:58:16 50.8 805728256 92315036 561733499 71.088 0.36530865778494875
14:58:17 52.9 805728256 92315036 561733499 70.601 0.36530865778494875
14:58:18 54.3 805728256 92315036 561733499 71.088 0.36530695822057546
14:58:19 53.3 808529920 92315036 561733499 71.088 0.36539796637468713
14:58:20 51.4 805462016 92356848 561734785 70.601 0.37967289379985836
14:58:21 55.0 805462016 92356848 561734785 71.088 0.37967289379985836
14:58:22 54.0 805462016 92356848 561734785 71.088 0.37967289379985836
14:58:23 53.6 808271872 92356848 561734785 71.575 0.37967289379985836
14:58:24 51.0 805941248 92383386 561735651 71.575 0.3796704212343778
14:58:25 55.0 805904384 92383386 561735651 70.114 0.3796704212343778
14:58:26 54.0 805904384 92383386 561735651 71.575 0.3796704212343778
14:58:27 54.5 805904384 92383386 561735651 70.601 0.3796704212343778
14:58:28 44.8 805830656 92409026 561736447 71.088 0.3796704212343778
14:58:29 54.2 805675008 92409026 561736899 71.088 0.379669361573316
14:58:30 52.8 805675008 92409026 561736899 71.575 0.379669361573316
14:58:31 53.5 805675008 92409026 561736899 71.575 0.379669361573316
14:58:32 52.7 805896192 92437114 561737765 71.575 0.379669361573316
14:58:33 52.9 805896192 92437156 561737825 72.062 0.379669361573316
14:58:34 55.8 805888000 92437156 561737825 71.575 0.3796683019181692
14:58:35 55.0 805879808 92437156 561737825 72.549 0.3796683019181692
14:58:36 51.8 806137856 92456372 561738481 72.549 0.3796683019181692
14:58:37 53.7 806133760 92456372 561738481 71.575 0.3796683019181692
14:58:38 53.7 806916096 92456372 561738481 72.549 0.3796683019181692
14:58:39 52.2 806907904 92456372 561738481 72.549 0.3796672422689374
14:58:40 44.4 806363136 92472370 561738949 72.549 0.3796672422689374
14:58:41 54.8 806363136 92472370 561738949 72.062 0.3796672422689374
14:58:42 53.3 806363136 92472370 561738949 72.062 0.3796672422689374
14:58:43 53.3 806363136 92472370 561738949 71.575 0.3796672422689374
14:58:44 52.4 806584320 92488592 561739699 72.062 0.3796661826256205
14:58:45 54.2 806584320 92488592 561739699 73.036 0.3796661826256205
14:58:46 54.0 806584320 92489527 561740008 72.549 0.3796661826256205
14:58:47 56.4 806531072 92489527 561740074 73.523 0.3796661826256205
14:58:48 51.8 806313984 92504747 561740542 73.523 0.3796661826256205
14:58:49 55.1 806313984 92504747 561740542 73.523 0.37966371014754996
14:58:50 54.8 806305792 92504747 561740542 71.575 0.37975568229325174
14:58:51 52.7 806318080 92504817 561740612 73.523 0.37975568229325174
14:58:52 44.0 806576128 92517429 561741010 72.062 0.37975568229325174
14:58:53 54.2 806576128 92517429 561741010 73.036 0.37975568229325174
14:58:54 53.3 806834176 92517429 561741010 72.549 0.37975568229325174
14:58:55 54.1 806825984 92517429 561741010 73.036 0.379754622415919
14:58:56 51.3 807055360 92529613 561741408 73.036 0.379754622415919
14:58:57 54.2 807051264 92529613 561741408 73.523 0.379847653925575
14:58:58 54.2 807051264 92529613 561741408 73.523 0.379847653925575
14:58:59 52.9 808656896 92529613 561741408 73.523 0.379847653925575
14:59:00 44.4 806793216 92543575 561741806 73.036 0.379847653925575
14:59:01 55.4 806760448 92544211 561741924 73.036 0.37984659379451324
14:59:02 54.9 806760448 92544211 561741924 73.036 0.37984659379451324
14:59:03 55.8 809558016 92544211 561741924 73.036 0.37984659379451324
14:59:04 44.6 810008576 92551245 561741924 72.062 0.37984659379451324
14:59:05 55.3 809881600 92551315 561742182 72.549 0.37984659379451324
14:59:06 55.2 809873408 92551315 561742182 73.036 0.379845533669369
14:59:07 53.9 812204032 92551315 561742182 73.523 0.379845533669369
14:59:08 51.3 807333888 92557163 561742252 73.523 0.379845533669369
14:59:10 54.2 807550976 92557233 561742370 72.549 0.379845533669369
14:59:11 53.6 807550976 92557275 561742430 73.523 0.379845533669369
14:59:12 54.4 807387136 92557345 561742500 74.01 0.379845533669369
14:59:13 52.0 804700160 92559753 561742618 73.523 0.3798444735501422
14:59:14 53.6 804696064 92559823 561742618 73.523 0.3798444735501422
14:59:15 52.7 804696064 92559937 561742786 72.549 0.3798444735501422
14:59:16 55.0 804696064 92559937 561742786 72.549 0.3798444735501422
14:59:17 51.5 804446208 92562269 561742904 73.523 0.3798444735501422
14:59:18 54.5 804446208 92562542 561743093 73.036 0.3798444735501422
14:59:19 52.8 804438016 92562542 561743093 73.036 0.3798434134368328
14:59:20 55.1 804696064 92562542 561743093 74.497 0.379842706697914
14:59:21 50.9 804679680 92564962 561743281 74.01 0.37993573699590516
14:59:22 53.4 804679680 92565032 561743281 74.01 0.37993573699590516
14:59:23 54.4 804679680 92565032 561743281 74.01 0.37993573699590516
14:59:24 54.8 804929536 92565215 561743450 74.497 0.3799336162756528
14:59:25 52.9 804954112 92567429 561743568 74.497 0.37993255592440467
14:59:26 53.6 805175296 92567429 561744906 74.497 0.37993255592440467
14:59:27 53.9 805433344 92567429 561746414 74.497 0.37993255592440467
14:59:28 54.8 805433344 92567429 561746414 73.523 0.37993255592440467
14:59:29 49.6 805466112 92569895 561746532 74.01 0.37993149557907513
14:59:30 52.6 805462016 92569895 561746532 74.01 0.37993149557907513
14:59:31 54.4 805462016 92569937 561746592 74.01 0.37993149557907513
14:59:32 54.4 805462016 92569937 561746592 73.523 0.37993149557907513
14:59:33 51.2 805687296 92572747 561746710 74.01 0.37993149557907513
14:59:34 54.4 805675008 92572747 561746710 74.984 0.3799304352396642
14:59:35 53.6 805675008 92572747 561746710 74.497 0.3799304352396642
14:59:36 52.7 805675008 92572747 561746710 74.497 0.3799304352396642
14:59:37 43.7 808095744 92572747 561746710 73.523 0.3799304352396642
14:59:38 54.3 807997440 92575153 561746828 74.01 0.3799304352396642
14:59:39 53.6 807997440 92575153 561746828 74.984 0.3799304352396642
14:59:40 53.7 807989248 92575153 561746828 75.471 0.3799293749061718
14:59:41 45.9 810369024 92575153 561746828 73.523 0.3799293749061718
14:59:42 28.6 808763392 92577603 561746946 73.523 0.3799293749061718
14:59:43 28.5 808763392 92819053 561954355 73.036 0.3800224036463545
14:59:44 31.2 809021440 92823681 561954707 73.523 0.3800224036463545
14:59:45 28.4 809926656 92845251 562157055 73.523 0.38002098953139857
14:59:46 29.2 810958848 92845251 562157055 71.088 0.38002098953139857
14:59:47 30.2 811483136 92845251 562158703 72.549 0.38002098953139857
14:59:48 29.4 812507136 92845251 562158703 72.549 0.38002098953139857
14:59:49 45.6 813539328 92845251 562158703 72.549 0.38002098953139857
14:59:50 59.8 814563328 92845251 562158703 73.523 0.3800195754269668
14:59:51 55.4 817262592 92845251 562160351 72.549 0.3800192219025032
14:59:52 54.1 817520640 92845321 562160421 74.01 0.38011224986380127
14:59:53 38.8 815943680 92886717 562161519 74.01 0.39438205552345906
14:59:54 54.7 815902720 92886717 562161519 73.523 0.39438205552345906
14:59:55 55.8 815894528 92886717 562161519 74.01 0.3943794877089517
14:59:56 54.0 815894528 92886717 562161519 74.01 0.3943794877089517
14:59:57 51.5 816418816 92907907 562162187 74.01 0.3943794877089517
14:59:58 55.2 816377856 92907907 562162187 74.497 0.39447250173907167
14:59:59 54.2 816635904 92907907 562162187 74.01 0.39447250173907167
15:00:00 52.6 816635904 92907907 562162187 74.497 0.39447250173907167
15:00:01 50.3 817410048 92948837 562163451 74.01 0.40873697368866174
15:00:02 52.2 817373184 92948837 562163451 74.497 0.40873697368866174
15:00:03 53.3 817373184 92948837 562163451 74.984 0.40873697368866174
15:00:04 53.8 817373184 92948837 562163451 74.984 0.40873697368866174
15:00:05 49.6 819355648 92991327 562163569 73.036 0.42147529139466633
15:00:06 54.7 819195904 92991397 562164667 74.01 0.42299492073668904
15:00:07 53.9 819195904 92991397 562164667 74.01 0.42299492073668904
15:00:08 54.1 819195904 92991397 562164667 74.984 0.42299492073668904
15:00:09 51.8 820613120 92991397 562164667 75.471 0.42299492073668904
15:00:10 56.3 819130368 93028337 562165743 75.471 0.42299492073668904
15:00:11 54.4 819122176 93028337 562165743 74.984 0.42299256078454933
15:00:12 54.5 819122176 93028337 562165743 74.01 0.42299256078454933
15:00:13 51.6 816644096 93028705 562165813 74.497 0.4246663058041409
15:00:14 52.0 816119808 93067737 562167127 74.984 0.4372497659126247
15:00:15 55.2 816005120 93067737 562167127 74.984 0.4372497659126247
15:00:16 54.5 816005120 93067737 562167127 74.497 0.4372493593908725
15:00:17 50.5 818122752 93067737 562167127 74.497 0.43724651375977264
15:00:18 52.4 816304128 93107033 562168273 74.497 0.45149953131476234
15:00:19 55.7 816304128 93107075 562168333 74.497 0.45149953131476234
15:00:20 55.4 816304128 93107075 562168333 75.471 0.45149953131476234
15:00:21 53.3 819372032 93107075 562168333 75.471 0.45149953131476234
15:00:22 44.9 819417088 93135347 562169269 75.471 0.46574846864045905
15:00:23 53.4 819408896 93135347 562169269 75.471 0.46574457265484054
15:00:24 53.2 819408896 93135347 562169269 75.958 0.46574457265484054
15:00:25 54.2 819408896 93135347 562169269 74.984 0.46574457265484054
15:00:26 50.9 820117504 93161487 562170065 74.984 0.4799884208020848
15:00:27 54.0 820117504 93161487 562170065 75.471 0.480081351764486
15:00:28 52.1 820117504 93161487 562170065 74.984 0.480081351764486
15:00:29 54.9 820113408 93161487 562170065 74.984 0.4800773365000842
15:00:30 52.7 820379648 93212443 562171491 74.984 0.4800773365000842
15:00:31 54.8 820379648 93212443 562171491 75.958 0.4800773365000842
15:00:32 55.2 820379648 93212443 562171491 75.471 0.4800773365000842
15:00:33 52.8 822464512 93212443 562171491 74.984 0.4800773365000842
15:00:34 43.1 820572160 93258499 562173049 75.471 0.4800773365000842
15:00:35 54.2 820563968 93258499 562173155 75.958 0.48007599809354257
15:00:36 53.0 820563968 93258499 562173155 74.984 0.48007599809354257
15:00:37 53.1 823410688 93258499 562173155 75.958 0.48007599809354257
15:00:38 52.8 820793344 93299653 562174371 74.984 0.48007599809354257
15:00:39 54.7 821309440 93299695 562174431 74.497 0.48007599809354257
15:00:40 54.4 821309440 93299695 562174431 75.471 0.48007599809354257
15:00:41 53.8 820277248 93299695 562174431 75.471 0.4800710906667363
15:00:42 51.3 818241536 93337041 562175561 74.984 0.4800710906667363
15:00:44 53.9 818241536 93337041 562175561 75.958 0.4800710906667363
15:00:45 54.3 818241536 93337393 562175859 75.471 0.4800710906667363
15:00:46 55.2 821309440 93337393 562175859 75.471 0.4800710906667363
15:00:47 52.6 818200576 93372593 562176865 76.445 0.48006975229501986
15:00:48 54.3 818188288 93372593 562176865 75.958 0.48006975229501986
15:00:49 56.0 818188288 93372593 562176865 75.958 0.48006975229501986
15:00:50 54.2 820985856 93372593 562176865 76.445 0.48006975229501986
15:00:51 44.9 820486144 93403819 562177801 75.471 0.48006975229501986
15:00:52 54.5 820477952 93403889 562177801 76.445 0.48006841393076577
15:00:53 53.6 820477952 93403889 562177801 75.471 0.48006841393076577
15:00:54 54.5 819978240 93403959 562177871 75.958 0.48006841393076577
15:00:55 53.6 818393088 93429929 562178667 74.497 0.48006841393076577
15:00:56 53.0 818393088 93429999 562178667 74.984 0.48006841393076577
15:00:57 54.2 818368512 93429999 562178667 76.445 0.4800670755739739
15:00:58 54.5 818716672 93429999 562178667 76.932 0.48015911136645667
15:00:59 49.6 820932608 93459447 562179603 76.445 0.4944921890652139
15:01:00 53.8 820932608 93459559 562179663 75.958 0.4944921890652139
15:01:01 52.6 820908032 93459923 562179781 75.958 0.4944921890652139
15:01:02 53.2 820899840 93459923 562179781 75.958 0.4944880539950851
15:01:03 51.0 820903936 93484475 562179899 74.984 0.4944880539950851
15:01:04 55.3 820899840 93484545 562180577 76.445 0.4944880539950851
15:01:05 55.3 820924416 93484545 562180577 76.445 0.4944880539950851
15:01:06 55.8 820924416 93484545 562180577 76.445 0.4944880539950851
15:01:07 51.1 821174272 93509125 562180695 76.445 0.4944866756537437
15:01:08 54.3 821174272 93509195 562181373 76.932 0.4944866756537437
15:01:09 53.6 821174272 93509195 562181373 75.471 0.4944866756537437
15:01:10 54.2 821174272 93509195 562181373 74.984 0.4944866756537437
15:01:11 51.7 819036160 93509401 562181491 76.445 0.4944866756537437
15:01:12 54.1 819073024 93526949 562182029 75.958 0.4944852973200862
15:01:13 55.0 819331072 93526949 562182029 77.419 0.4944852973200862
15:01:14 53.5 819589120 93527063 562182197 76.445 0.4944852973200862
15:01:15 50.4 819625984 93527133 562182267 75.958 0.4944852973200862
15:01:16 53.8 819625984 93541855 562182665 76.932 0.4944852973200862
15:01:17 53.6 819625984 93541855 562182665 75.471 0.4944852973200862
15:01:18 54.8 819617792 93541855 562182665 76.932 0.49448391899411265
15:01:19 46.7 821960704 93541855 562182665 75.471 0.49448391899411265
15:01:20 51.0 819838976 93556255 562183123 75.958 0.49448391899411265
15:01:21 55.6 819838976 93556255 562183123 76.445 0.49448391899411265
15:01:22 53.7 819838976 93556255 562183123 76.932 0.49448391899411265
15:01:23 52.2 819073024 93556255 562183123 76.932 0.49448391899411265
15:01:24 54.2 818511872 93571519 562183661 77.419 0.49448254067582303
15:01:25 54.0 818511872 93571519 562183661 77.419 0.49448254067582303
15:01:26 53.2 818511872 93571519 562183661 74.984 0.49448254067582303
15:01:27 50.9 820842496 93571519 562183661 75.471 0.49448254067582303
15:01:28 54.6 818245632 93585513 562184059 76.932 0.49448254067582303
15:01:29 54.3 818245632 93585513 562184059 75.958 0.4944820812381006
15:01:30 55.0 818237440 93585513 562184059 77.419 0.49457361550106876
15:01:31 52.2 821092352 93585513 562184059 76.932 0.49457361550106876
15:01:32 47.5 817987584 93598193 562184457 75.958 0.49457361550106876
15:01:33 53.9 818245632 93598193 562184457 76.932 0.49457361550106876
15:01:34 54.5 818503680 93598193 562184457 76.445 0.49457085839006876
15:01:35 54.0 821342208 93598193 562184457 76.932 0.4945694798460963
15:01:36 52.3 821596160 93610549 562184855 76.932 0.4945694798460963
15:01:37 54.3 821596160 93610549 562184855 76.445 0.4945694798460963
15:01:38 54.3 821596160 93610549 562184855 75.958 0.4945694798460963
15:01:39 53.5 824406016 93610549 562184855 76.932 0.4945694798460963
15:01:40 52.1 821551104 93624319 562185253 76.445 0.4945681013098087
15:01:41 53.7 821551104 93624361 562185313 76.932 0.4945681013098087
15:01:42 54.9 821551104 93624361 562185313 76.445 0.4945681013098087
15:01:43 54.2 820785152 93624361 562185313 75.958 0.4945681013098087
15:01:44 44.2 818749440 93634006 562186200 77.419 0.4945681013098087
15:01:45 54.5 818741248 93634006 562186200 75.958 0.49456672278120617
15:01:46 52.7 818999296 93634076 562186270 75.958 0.49456672278120617
15:01:47 53.0 819200000 93634076 562186270 76.932 0.49456672278120617
15:01:48 51.1 819220480 93639626 562186458 76.445 0.49456672278120617
15:01:49 53.8 819474432 93639626 562186458 75.958 0.49456672278120617
15:01:50 55.0 819474432 93639833 562186641 76.445 0.49456672278120617
15:01:51 54.3 819478528 93639833 562186641 76.932 0.49456534426028836
15:01:52 51.7 819445760 93642367 562186759 76.445 0.49456534426028836
15:01:53 56.0 819441664 93642367 562186759 76.445 0.49456534426028836
15:01:54 54.9 819441664 93642437 562186829 76.445 0.49456534426028836
15:01:55 55.9 819699712 93642437 562186829 75.958 0.49456534426028836
15:01:56 43.4 821534720 93645371 562186947 75.958 0.49456396574705536
15:01:57 52.7 821530624 93645371 562186947 76.932 0.4946568765052269
15:01:58 53.9 821530624 93645371 562186947 77.419 0.4946568765052269
15:01:59 54.3 821530624 93645371 562186947 76.932 0.4946559573280263
15:02:00 51.1 819945472 93647777 562187065 77.419 0.49474886791354994
15:02:01 55.7 819912704 93648391 562187243 77.419 0.4947461098845047
15:02:02 53.7 820170752 93648391 562187243 77.419 0.4947461098845047
15:02:03 55.0 820170752 93648391 562187243 76.445 0.4947461098845047
15:02:04 51.2 820195328 93650841 562187361 77.906 0.4947447308815131
15:02:05 54.3 820187136 93650841 562187361 77.419 0.4947447308815131
15:02:06 54.8 820178944 93650841 562187361 77.906 0.49474335188620905
15:02:07 55.0 820178944 93650841 562187361 76.932 0.49474335188620905
15:02:08 43.8 822800384 93653439 562187479 76.445 0.49474335188620905
15:02:09 52.5 822804480 93653439 562187479 76.932 0.49474335188620905
15:02:10 55.2 822804480 93653439 562187479 77.419 0.4947419728985922
15:02:11 53.4 822800384 93653439 562187479 76.932 0.4947419728985922
15:02:12 52.3 824864768 93655689 562187597 77.419 0.4947419728985922
15:02:13 55.0 824864768 93655689 562187597 76.445 0.4947419728985922
15:02:14 53.1 824864768 93655803 562187765 77.419 0.4947419728985922
15:02:15 55.9 824864768 93655803 562187765 77.419 0.4947419728985922
15:02:16 43.8 824856576 93658775 562187899 77.419 0.49474059391866254
15:02:17 53.4 824856576 93658775 562187899 77.419 0.49474059391866254
15:02:18 54.1 825114624 93658775 562187899 76.932 0.49474059391866254
15:02:19 53.6 825114624 93658775 562187899 76.445 0.49474059391866254
15:02:21 40.6 825335808 93661329 562188017 76.445 0.49474059391866254
15:02:22 29.6 825331712 93661371 562188077 75.471 0.4947392149464201
15:02:23 8.6 825556992 93898336 562193632 74.01 0.49483212371917995
15:02:24 4.1 825593856 93898336 562193632 73.036 0.49483212371917995
15:02:25 22.6 825851904 93904055 562394965 73.036 0.49483212371917995
15:02:26 28.7 825049088 93904125 562395035 72.549 0.49483212371917995
15:02:27 28.5 826388480 93904125 562395035 73.523 0.49483212371917995
15:02:28 30.0 826384384 93904125 562395035 74.01 0.4948302847562007
15:02:29 38.7 827674624 93904125 562395035 74.984 0.4948302847562007
15:02:30 57.1 827674624 93904125 562395035 75.471 0.4948298250175916
15:02:31 56.6 828190720 93904125 562395035 74.497 0.4949227333587515
15:02:32 53.1 828190720 93904125 562395035 75.471 0.4949227333587515
15:02:33 39.2 828448768 93904125 562395035 75.958 0.4949227333587515
15:02:34 29.1 828440576 93904125 562395035 74.497 0.49492135388909164
15:02:35 50.0 826060800 93943377 562396063 74.984 0.5091563492486495
15:02:36 53.8 826060800 93943377 562396063 74.984 0.5091563492486495
15:02:37 54.3 826060800 93943377 562396063 74.984 0.5091563492486495
15:02:38 53.8 828182528 93943377 562396063 75.958 0.5091563492486495
15:02:39 51.6 826064896 93983161 562397209 76.932 0.5233872723314709
15:02:40 53.4 826052608 93983161 562397209 75.958 0.523383869443821
15:02:41 54.3 826052608 93983161 562397707 75.471 0.523383869443821
15:02:42 52.6 824295424 93983161 562397707 76.445 0.523383869443821
15:02:43 51.8 823726080 94008225 562398577 76.932 0.523383869443821
15:02:44 55.1 823721984 94008549 562398919 76.932 0.523383869443821
15:02:45 54.4 824238080 94008549 562398919 76.445 0.5233824110769453
15:02:46 54.0 823705600 94008549 562398919 76.445 0.523379980483546
15:02:47 52.8 823926784 94033199 562400356 75.958 0.523379980483546
15:02:48 54.5 823922688 94033199 562400356 75.958 0.523379980483546
15:02:49 51.9 824971264 94033199 562400356 75.471 0.523379980483546
15:02:50 53.9 825221120 94033199 562400356 75.958 0.5233785221383426
15:02:51 50.8 823984128 94055005 562401082 76.932 0.5233785221383426
15:02:52 54.2 823943168 94055005 562401082 75.958 0.5233785221383426
15:02:53 54.7 823943168 94055005 562401082 76.445 0.5233785221383426
15:02:54 53.0 823943168 94055005 562401082 76.445 0.5233785221383426
15:02:55 41.5 824901632 94098029 562402298 76.445 0.5376036403632237
15:02:56 52.9 824741888 94098029 562402298 75.958 0.5376031411104931
15:02:57 52.6 824737792 94098099 562402368 76.445 0.5376960074330205
15:02:58 54.4 824737792 94098099 562402368 76.445 0.5376960074330205
15:02:59 44.2 827645952 94098099 562402368 76.445 0.5377888737555477
15:03:00 53.7 825470976 94143311 562404426 76.445 0.5519184889560009
15:03:01 55.2 825462784 94143947 562404544 77.906 0.5519138767365259
15:03:02 53.4 825438208 94143947 562404544 75.958 0.55200672900381
15:03:03 52.8 828493824 94143947 562404544 75.471 0.55200672900381
15:03:04 52.6 826261504 94181245 562405620 77.419 0.5662250122402408
15:03:05 55.3 826261504 94181245 562405620 76.445 0.5662250122402408
15:03:06 53.1 826261504 94181245 562405620 77.419 0.5662250122402408
15:03:07 53.8 828338176 94181245 562405620 76.932 0.5662202811814266
15:03:08 49.2 826703872 94212147 562406556 76.932 0.5804343812921534
15:03:09 54.7 826703872 94212189 562406616 76.932 0.5804343812921534
15:03:10 54.6 826703872 94212189 562406616 77.419 0.5804343812921534
15:03:11 54.2 826703872 94212189 562406616 76.445 0.5804343812921534
15:03:12 52.0 826437632 94252373 562407762 77.419 0.5804343812921534
15:03:13 54.6 826429440 94252373 562407762 76.932 0.5804306098013918
15:03:14 53.3 826429440 94252487 562407930 77.419 0.5804306098013918
15:03:15 54.4 826687488 94252487 562407930 76.932 0.5804306098013918
15:03:16 53.2 826695680 94288601 562408936 75.958 0.5804306098013918
15:03:17 55.7 826695680 94288601 562408936 77.419 0.5804306098013918
15:03:18 56.7 826687488 94288671 562409006 77.419 0.580428993463212
15:03:19 54.1 826687488 94288671 562409006 76.932 0.580428993463212
15:03:20 44.2 826724352 94324485 562410156 76.445 0.580428993463212
15:03:21 53.6 826724352 94324485 562410156 76.932 0.580425222042467
15:03:22 53.8 826724352 94324485 562410156 77.906 0.5805180455227232
15:03:23 54.9 826716160 94324485 562410156 76.445 0.5805164289560648
15:03:24 51.4 826716160 94357967 562411092 77.419 0.5805164289560648
15:03:25 53.5 826974208 94357967 562411092 77.419 0.5805164289560648
15:03:26 53.0 826974208 94357967 562411092 76.445 0.5805164289560648
15:03:27 55.1 826974208 94358037 562411162 76.445 0.5805158901025127
15:03:28 51.3 826900480 94390093 562412098 76.445 0.5806070964249849
15:03:29 54.5 826900480 94390093 562412098 76.932 0.5806070964249849
15:03:30 53.4 826900480 94390093 562412098 76.932 0.5806070964249849
15:03:31 54.4 828506112 94390093 562412098 76.932 0.5806070964249849
15:03:32 53.1 826421248 94421629 562413034 76.932 0.5806070964249849
15:03:33 53.7 826413056 94421671 562413094 77.906 0.5806044017564327
15:03:34 52.6 826413056 94421671 562413094 76.932 0.5806972242027567
15:03:35 51.7 828497920 94421671 562413094 77.906 0.5806972242027567
15:03:36 43.9 826634240 94447825 562413772 77.419 0.5806972242027567
15:03:37 54.6 826634240 94447895 562413890 77.419 0.5806972242027567
15:03:38 54.4 826634240 94447895 562413890 77.419 0.5806972242027567
15:03:39 53.2 828956672 94447895 562413890 77.419 0.5806945291284187
15:03:40 53.2 826368000 94469359 562414288 77.419 0.5807873511439443
15:03:41 54.2 826368000 94469429 562414616 76.932 0.5807873511439443
15:03:42 53.4 826368000 94469429 562414616 76.932 0.5807873511439443
15:03:43 53.9 829214720 94469429 562414616 77.419 0.5807873511439443
15:03:44 51.6 826404864 94490627 562415296 76.932 0.5807873511439443
15:03:46 54.9 826396672 94490697 562415624 77.906 0.5807846556638281
15:03:47 54.0 829276160 94490697 562415624 78.393 0.5808774772485594
15:03:48 52.1 830951424 94490697 562415624 77.906 0.5808774772485594
15:03:49 52.0 828182528 94505821 562415758 77.906 0.5808774772485594
15:03:50 55.5 828182528 94505891 562416156 77.419 0.5808774772485594
15:03:51 53.4 828194816 94505891 562416156 76.932 0.5808774772485594
15:03:52 55.6 828710912 94505891 562416156 77.906 0.5808747813626726
15:03:53 51.3 828710912 94512871 562416274 77.419 0.5809676025166135
15:03:54 53.9 828645376 94512941 562416532 76.445 0.5809676025166135
15:03:55 54.4 828645376 94512941 562416532 76.932 0.5809676025166135
15:03:56 53.8 828645376 94512941 562416532 77.419 0.5809676025166135
15:03:57 50.8 828383232 94518373 562416532 76.932 0.5810604236705545
15:03:58 55.8 828338176 94518485 562416780 77.419 0.5810528729108115
15:03:59 52.6 828338176 94518555 562416850 78.393 0.5811456928585608
15:04:00 53.1 828338176 94518555 562416850 77.419 0.5811456928585608
15:04:01 48.2 828530688 94519027 562416968 77.419 0.5811456928585608
15:04:02 49.6 828608512 94521333 562417086 77.906 0.5811456928585608
15:04:03 54.1 828608512 94521333 562417086 78.393 0.5811376016842873
15:04:04 54.3 828600320 94521333 562417086 76.932 0.5812304203397232
15:04:05 51.3 830918656 94521333 562417086 76.932 0.5812304203397232
15:04:06 52.8 828329984 94523575 562417204 76.932 0.5812304203397232
15:04:07 53.6 828329984 94523575 562417204 76.932 0.5812304203397232
15:04:08 54.3 828329984 94523575 562417204 77.906 0.5812304203397232
15:04:09 53.0 831168512 94523575 562417204 76.932 0.5812282623866907
15:04:10 52.4 828321792 94525825 562417322 77.419 0.5813210806975156
15:04:11 53.0 828321792 94525825 562417322 77.419 0.5813210806975156
15:04:12 54.4 828321792 94525825 562417322 78.393 0.5813210806975156
15:04:13 52.8 831168512 94525825 562417322 77.906 0.5813210806975156
15:04:14 53.5 828350464 94528129 562417608 76.932 0.5813194619848003
15:04:15 55.5 828608512 94528129 562417608 77.906 0.5813189224158986
15:04:16 52.0 828608512 94528129 562417608 78.393 0.5814117403821153
15:04:17 51.2 831418368 94528129 562417608 77.419 0.5814117403821153
15:04:18 53.0 828092416 94530575 562417726 77.906 0.5814117403821153
15:04:19 54.1 828084224 94530575 562417726 77.419 0.5814101214229651
15:04:20 55.8 828084224 94530645 562417796 77.419 0.5814095817719186
15:04:21 52.6 830894080 94530645 562417796 77.419 0.5815023993935297
15:04:22 46.2 828047360 94533039 562417914 77.419 0.5815023993935297
15:04:23 55.2 828047360 94533081 562417974 77.419 0.5815023993935297
15:04:24 54.3 828039168 94533081 562417974 77.419 0.5815007801879482
15:04:25 54.5 830369792 94533081 562417974 77.906 0.5815007801879482
15:04:26 50.5 828030976 94535523 562418092 77.906 0.5815002404547582
15:04:27 53.9 828030976 94535523 562418092 77.906 0.5815930577317662
15:04:28 53.7 828030976 94535523 562418092 76.932 0.5815930577317662
15:04:29 54.4 829829120 94535523 562418092 78.393 0.5815914382797572
15:04:30 34.7 829599744 94537765 562418280 76.932 0.5815914382797572
15:04:31 13.3 830345216 94774618 562424231 74.984 0.5816842552983145
15:04:32 2.3 831393792 94774618 562424231 75.471 0.5816831754963525
15:04:33 2.0 831393792 94774618 562424231 73.523 0.5817759923426101
15:04:34 3.0 834203648 94774618 562424231 74.01 0.5817738324061158
15:04:35 3.3 833470464 94774618 562424231 73.036 0.5817738324061158
15:04:36 5.1 833470464 94774702 562424351 72.062 0.5817738324061158
15:04:37 4.3 833470464 94774702 562424351 72.062 0.581772752443883
15:04:38 4.3 833470464 94774702 562424351 71.575 0.5818655687732455
15:04:39 5.1 833462272 94774702 562424351 71.575 0.5818639485789686
15:04:40 4.6 833462272 94774702 562424351 71.575 0.5818639485789686
15:04:41 4.8 833462272 94774702 562424351 71.575 0.5818639485789686
15:04:42 3.8 833462272 94774702 562424351 71.088 0.5818639485789686
15:04:43 4.8 833462272 94774702 562424351 70.601 0.5818634085162147
15:04:44 4.8 833462272 94774984 562424633 71.088 0.5819562245009836
15:04:45 5.0 833454080 94774984 562424633 69.627 0.5819546040602935
15:04:46 4.8 833454080 94774984 562424633 69.627 0.5819546040602935
15:04:47 4.4 832798720 94774984 562425025 71.088 0.5819546040602935
15:04:48 4.8 832798720 94774984 562425131 70.114 0.5819546040602935
15:04:49 4.6 833056768 94775026 562425191 69.627 0.5819540639154023
15:04:50 4.6 833056768 94775026 562425191 69.627 0.5820452588684807
15:04:51 4.8 835481600 94775096 562425261 69.627 0.5820452588684807
15:04:52 4.6 835481600 94775096 562425261 68.166 0.5820452588684807
15:04:53 4.1 835481600 94775096 562425261 69.14 0.5820452588684807
15:04:54 4.1 835481600 94775096 562425261 68.653 0.5820452588684807
15:04:55 4.6 835473408 94775096 562425261 68.653 0.5820430979663878
15:04:56 4.8 835473408 94775096 562425261 68.653 0.5821359130035375
15:04:57 3.3 835469312 94775096 562425261 69.14 0.5822287280406874
15:04:58 5.1 835469312 94775096 562425261 68.653 0.5822287280406874
15:04:59 4.6 835469312 94775096 562425261 69.14 0.5822287280406874
15:05:00 4.3 835469312 94775096 562425261 67.679 0.5822276472510731
15:05:01 4.9 833531904 94775778 562425449 68.653 0.58231721925429
15:05:02 4.6 833531904 94775778 562425449 68.166 0.58231721925429
15:05:03 3.4 833531904 94775778 562425449 67.679 0.58231721925429
15:05:04 5.5 833531904 94775778 562425449 66.705 0.58231721925429
15:05:05 4.8 835977216 94775778 562425449 67.679 0.58231721925429
15:05:06 4.4 835969024 94775778 562425449 68.166 0.5823128954949526
15:05:07 3.6 835969024 94775778 562425449 67.679 0.5824057091537819
15:05:08 4.3 835969024 94775778 562425449 68.166 0.5824057091537819
15:05:09 4.8 835969024 94775778 562425509 67.192 0.5824057091537819
15:05:10 4.6 835969024 94775778 562425509 67.192 0.5824057091537819
15:05:11 4.1 835969024 94775778 562425509 67.192 0.5824057091537819
15:05:12 5.1 835960832 94775778 562425509 66.705 0.582403006406085
15:05:13 3.9 835960832 94775778 562425509 67.192 0.5824958196341976
15:05:14 4.1 835960832 94775892 562425677 67.192 0.5824958196341976
15:05:15 3.4 835436544 94775892 562425677 66.218 0.5824958196341976
15:05:16 4.6 835436544 94775892 562425677 66.218 0.5824958196341976
15:05:17 4.6 835436544 94775892 562425677 66.218 0.5824958196341976
15:05:18 3.6 835960832 94775892 562425677 66.705 0.5824936571095307
15:05:19 4.1 835952640 94775934 562425737 65.731 0.5825864699930727
15:05:20 3.6 835952640 94775934 562425737 66.218 0.5825864699930727
15:05:21 4.8 835952640 94775934 562425737 65.731 0.5825864699930727
15:05:22 4.8 836182016 94776004 562425807 67.192 0.5825864699930727
15:05:23 4.3 836173824 94776004 562425807 66.218 0.5825848478516835
15:05:24 4.1 836173824 94776004 562425807 66.705 0.5825843071398945
15:05:25 4.1 836173824 94776004 562425807 65.731 0.5826771196788686
15:05:26 4.6 836173824 94776004 562425807 66.218 0.5826771196788686
15:05:27 3.3 836173824 94776004 562425807 66.218 0.5826771196788686
15:05:28 4.3 836173824 94776004 562425807 65.731 0.5826771196788686
15:05:29 4.6 836165632 94776004 562425807 65.731 0.5826754972910996
15:05:30 5.1 836165632 94776004 562425807 65.731 0.5826749564971843
15:05:31 3.6 836165632 94776074 562425877 66.218 0.5827677686915929
15:05:32 3.8 835907584 94776074 562425877 65.244 0.5827677686915929
15:05:33 4.1 835907584 94776074 562425877 65.244 0.5827677686915929
15:05:34 4.6 835907584 94776074 562425877 65.731 0.5827677686915929
15:05:35 3.6 835899392 94776074 562425877 65.731 0.5827661460574476
15:05:36 4.1 835899392 94776074 562425877 65.731 0.5827656051814072
15:05:37 5.3 835899392 94776074 562425877 65.731 0.582858417031253
15:05:38 5.3 835899392 94776074 562425877 66.218 0.582858417031253
15:05:39 3.8 835899392 94776074 562425877 65.244 0.582858417031253
15:05:40 4.3 835899392 94776074 562425877 64.757 0.582858417031253
15:05:41 4.3 836145152 94776074 562425877 64.757 0.5828567941507351
15:05:42 4.6 835887104 94776074 562425877 64.757 0.5829485236545563
15:05:43 4.6 835887104 94776074 562425877 64.757 0.5829485236545563
15:05:44 3.8 835858432 94776356 562426159 64.757 0.5829485236545563
15:05:45 4.6 835858432 94776356 562426159 64.27 0.5829485236545563
15:05:46 4.1 835858432 94776356 562426159 64.757 0.5829485236545563
15:05:47 6.1 833417216 94776356 562426159 64.757 0.5829458184531215
15:05:48 4.3 833417216 94776356 562426159 64.757 0.5830386294415714
15:05:50 4.1 833417216 94776398 562426219 65.244 0.5830386294415714
15:05:51 4.8 833478656 94776398 562426219 64.757 0.5830386294415714
15:05:52 5.1 835850240 94776398 562426219 64.27 0.5830386294415714
15:05:53 3.8 835850240 94776398 562426219 64.757 0.5830386294415714
15:05:54 4.6 835842048 94776468 562426289 65.244 0.5830359238345517
15:05:55 5.1 835842048 94776468 562426289 64.27 0.5831287343923095
15:05:56 4.6 835842048 94776468 562426289 64.757 0.5831287343923095
15:05:57 4.1 835842048 94776468 562426289 64.757 0.5831287343923095
15:05:58 14.0 833425408 94795195 562427356 65.244 0.5833143555078252
15:05:59 27.1 840130560 94795195 562427356 65.244 0.5833974198863948
15:06:00 35.7 850702336 94828787 562428244 66.218 0.5834902288936946
