Time CPU_use RAM_filled Net_bytes_sent Net_bytes_received Temperature Disk_IO_percentage
14:43:55 29.3 662757376 708014738 82716548 46.738 0.00018227561074861048
14:43:56 28.8 664870912 708014986 82716796 45.764 0.0002734131669401558
14:43:57 29.2 670228480 708015482 82717292 45.764 0.0003645455734370223
14:43:58 28.7 674455552 708015730 82717540 46.738 0.0003645455734370223
14:43:59 28.8 680095744 708015978 82717788 45.764 0.0003645455734370223
14:44:01 29.7 683511808 708016614 82718154 47.225 0.0003645455734370223
14:44:02 29.3 688369664 708016862 82718402 47.225 0.00036454025777552977
14:44:03 28.1 691941376 708017358 82718898 46.251 0.00045567532221941223
14:44:05 28.7 715632640 708017606 82719146 47.712 0.00045567532221941223
14:44:06 29.1 713416704 708017854 82719394 47.225 0.00045567532221941223
14:44:07 28.9 720850944 708018102 82719642 47.225 0.00045567490693979213
14:44:08 28.9 710086656 708018350 82719890 46.738 0.0005468098883277505
14:44:09 29.1 704057344 708018598 82720138 47.225 0.0005468078949946572
14:44:10 28.8 714022912 708018846 82720386 46.738 0.0005468078949946572
14:44:11 28.7 720150528 708019342 82720882 47.225 0.0005468078949946572
14:44:12 29.1 729645056 708019590 82721130 46.738 0.0005468073966636547
14:44:13 28.1 733835264 708019838 82721378 47.225 0.000637940218622113
14:44:15 28.9 729460736 708020086 82721626 47.712 0.000637940218622113
14:44:16 29.4 747991040 708020334 82721874 47.712 0.000637940218622113
14:44:17 29.0 736268288 708020582 82722122 47.225 0.000637940218622113
14:44:18 28.8 751157248 708020830 82722370 47.712 0.000637939637240182
14:44:19 29.3 733364224 708021078 82722618 47.712 0.0007290738711316366
14:44:20 29.0 746758144 708021510 82723050 48.199 0.0007290718778294254
14:44:21 29.2 754122752 708021758 82723298 48.199 0.0007290718778294254
14:44:22 29.2 744747008 708022006 82723546 47.712 0.0007290718778294254
14:44:23 29.1 745541632 708022254 82723794 46.251 0.0007290712133977772
14:44:24 28.9 757256192 708022502 82724042 47.225 0.0008202051150724993
14:44:25 28.8 751308800 708023110 82724668 47.712 0.0008202028726238609
14:44:27 28.7 777629696 708023358 82724916 47.225 0.0008202028726238609
14:44:28 29.4 768557056 708023606 82725164 47.225 0.0008202028726238609
14:44:29 29.2 770969600 708023854 82725412 48.199 0.0008202021251437063
14:44:30 27.7 773332992 708024102 82725720 48.199 0.0009113356946041181
14:44:31 29.0 771907584 708024598 82726216 48.199 0.0009113332030126853
14:44:32 28.8 776536064 708024846 82726464 48.686 0.0009113332030126853
14:44:34 29.0 784433152 708025094 82726712 47.712 0.0009113332030126853
14:44:35 28.6 786964480 708025342 82726960 48.199 0.0009113323724852352
14:44:36 29.0 786710528 708025838 82727456 47.225 0.0010024628690031645
14:44:38 29.0 790085632 708026086 82727704 47.225 0.0010024628690031645
14:44:39 28.7 790396928 708026334 82727952 47.712 0.0010024628690031645
14:44:40 29.3 812281856 708026582 82728200 47.712 0.0010024628690031645
14:44:41 28.8 810487808 708026830 82728448 48.686 0.0010024619554296302
14:44:42 29.2 805269504 708027078 82728696 47.712 0.0010935918706025645
14:44:43 29.0 800182272 708027326 82728944 48.199 0.0010935918706025645
14:44:44 28.9 801849344 708027574 82729192 48.199 0.0010935918706025645
14:44:45 29.2 818114560 708028070 82729688 47.712 0.0010935918706025645
14:44:46 28.5 822702080 708028474 82730092 47.225 0.0010935878841398317
14:44:48 29.0 820850688 708028722 82731729 47.225 0.001184720207818151
14:44:49 29.2 821579776 708028970 82731977 48.199 0.001184720207818151
14:44:50 29.2 826740736 708029430 82732523 48.686 0.001184720207818151
14:44:51 28.5 827723776 708029996 82734612 47.712 0.001184720207818151
14:44:52 28.9 841617408 708030244 82734860 49.66 0.0011847191281560802
14:44:53 28.2 831410176 708030492 82735108 49.173 0.0012758478806571892
14:44:54 28.6 833646592 708030740 82735356 48.686 0.0012758478806571892
14:44:55 29.3 836681728 708031030 82735664 48.686 0.0012758478806571892
14:44:57 28.9 840486912 708031348 82736089 48.686 0.0012758478806571892
14:44:58 29.3 863404032 708031596 82736337 48.686 0.001275846717952667
14:44:59 29.2 859848704 708031844 82736585 48.199 0.0014581065484020749
14:45:00 28.8 853876736 708032092 82736833 48.199 0.0014581065484020749
14:45:01 28.5 862285824 708033084 82737447 48.686 0.0014581065484020749
14:45:03 28.9 863756288 708033332 82737695 48.199 0.0014581065484020749
14:45:04 28.7 871333888 708033580 82738050 48.199 0.0014580972468845703
14:45:05 28.8 869433344 708034076 82738639 48.199 0.001549228324814856
14:45:07 28.8 871510016 708034324 82738887 49.173 0.001549228324814856
14:45:08 29.9 893759488 708034572 82739135 48.686 0.001549228324814856
14:45:09 29.7 896421888 708034820 82739383 49.173 0.0015492198538903416
14:45:10 30.0 889475072 708035068 82739631 48.686 0.00164035043353095
14:45:11 28.7 883761152 708035316 82740039 48.686 0.00164035043353095
14:45:12 28.8 889602048 708035564 82740287 48.199 0.00164035043353095
14:45:13 28.9 892227584 708036060 82740783 49.173 0.0016403489386714542
14:45:15 29.1 907452416 708036308 82741191 49.173 0.0017314747015598308
14:45:16 29.2 899465216 708036556 82741439 49.173 0.0017314747015598308
14:45:17 29.5 905244672 708036804 82741687 49.173 0.0017314747015598308
14:45:18 29.1 1165770752 708037300 82742183 48.686 0.0017314747015598308
14:45:19 30.4 1477902336 708037662 82742529 49.66 0.0017314731236640886
14:45:21 30.3 1385545728 708037910 82742847 48.686 0.001822598305256966
14:45:22 29.8 1609773056 708038228 82743165 49.173 0.001822598305256966
14:45:23 31.9 1340915712 708061896 82744091 49.66 0.001822598305256966
14:45:24 29.6 872689664 708086472 82745017 48.686 0.001822598305256966
14:45:25 30.0 873377792 708121700 82947862 49.173 0.0020959842309082035
14:45:26 29.6 873881600 708121948 82948110 48.199 0.0021871139800781255
14:45:27 29.4 875163648 708122308 82948418 47.225 0.0021870840838145297
14:45:28 29.5 876195840 708122644 82948824 47.712 0.0021870840838145297
14:45:29 29.5 877543424 708123052 82949232 48.686 0.0021870840838145297
14:45:30 30.2 877285376 708123384 82949600 48.199 0.0021870601673921173
14:45:31 31.1 879607808 708123632 82949848 48.199 0.0022781731420700667
14:45:32 44.4 888115200 708123880 82950096 48.686 0.0022781731420700667
14:45:33 59.9 889692160 708124128 82950344 49.66 0.0022781731420700667
14:45:34 58.0 890437632 708124624 82950840 48.686 0.0022781731420700667
14:45:35 57.1 891985920 708125120 82951336 50.634 0.0022781731420700667
14:45:36 56.7 893018112 708125368 82951584 50.147 0.0022781731420700667
14:45:37 29.7 894033920 708125616 82951832 49.66 0.002460420267119627
14:45:38 32.3 895066112 708125864 82952080 49.173 0.002460420267119627
14:45:39 54.2 894980096 708156846 82953146 49.66 0.016582712886271292
14:45:40 54.8 896012288 708157094 82953394 50.147 0.016582712886271292
14:45:41 55.3 896786432 708157590 82953890 51.608 0.016582712886271292
14:45:42 54.8 896847872 708158086 82954386 50.147 0.016582501360995133
14:45:43 52.4 897560576 708158334 82954634 51.121 0.016673614005835762
14:45:44 54.4 896450560 708186592 82955878 50.147 0.030700625627734415
14:45:45 56.1 896966656 708187088 82956374 50.634 0.030700625627734415
14:45:46 56.3 897224704 708187492 82956778 50.634 0.030700625627734415
14:45:47 55.8 897323008 708187988 82957274 52.095 0.030700625627734415
14:45:48 53.5 897286144 708205874 82957888 50.634 0.030700429851567523
14:45:49 56.4 897761280 708215332 82959360 50.634 0.030700429851567523
14:45:50 54.7 898277376 708215828 82959856 51.121 0.030700429851567523
14:45:52 54.5 898535424 708216324 82960352 50.634 0.030700429851567523
14:45:53 55.8 899637248 708216890 82961310 50.634 0.030700429851567523
14:45:54 51.7 898523136 708236794 82962568 50.634 0.04481447762669085
14:45:55 54.4 898514944 708237290 82963064 51.121 0.04481419188945104
14:45:56 56.7 898514944 708237786 82963560 50.147 0.04481419188945104
14:45:57 55.5 899874816 708238282 82964056 50.634 0.04481419188945104
14:45:58 55.2 900132864 708238778 82964552 51.608 0.04481419188945104
14:45:59 46.1 899547136 708258074 82965506 50.147 0.04481419188945104
14:46:00 56.1 899608576 708258640 82966260 51.121 0.04481419188945104
14:46:01 55.9 900571136 708259662 82966874 51.121 0.044814069431749405
14:46:02 56.5 900825088 708260228 82967370 50.147 0.04490507313469746
14:46:03 56.0 901660672 708260724 82967866 50.634 0.04499615847574147
14:46:04 46.2 901185536 708279136 82969018 50.634 0.04499615847574147
14:46:05 55.2 901074944 708279702 82969514 50.634 0.04499615847574147
14:46:06 55.9 901591040 708280198 82970010 50.634 0.04499615847574147
14:46:07 56.1 902098944 708280694 82970506 50.147 0.04499537977603413
14:46:08 55.8 901394432 708281190 82971002 51.608 0.04499537977603413
14:46:09 52.7 900808704 708296832 82972014 51.608 0.04499537977603413
14:46:10 57.4 901066752 708297328 82972510 50.634 0.04499537977603413
14:46:11 55.6 901537792 708297824 82973006 51.121 0.04499537977603413
14:46:12 56.6 902090752 708298320 82973502 50.634 0.044995174859538085
14:46:13 56.4 903147520 708298816 82973998 50.634 0.044995174859538085
14:46:14 52.0 902090752 708310180 82974940 51.608 0.044995174859538085
14:46:15 55.6 902090752 708310676 82975436 50.147 0.044995174859538085
14:46:16 56.3 901574656 708311172 82975932 50.147 0.044995174859538085
14:46:17 54.9 902926336 708311668 82976428 51.608 0.04499492896220654
14:46:18 56.1 902668288 708312164 82976924 52.095 0.04499492896220654
14:46:19 52.3 901050368 708321540 82977796 52.095 0.04499492896220654
14:46:20 55.9 901308416 708322150 82978460 50.634 0.04499492896220654
14:46:21 56.1 901672960 708322646 82978956 51.121 0.04499492896220654
14:46:22 55.6 902766592 708323142 82979452 51.121 0.044994806014548624
14:46:23 52.8 902660096 708323638 82979948 50.634 0.044994806014548624
14:46:24 45.9 902176768 708334758 82980906 52.095 0.05910426529709911
14:46:25 55.3 902582272 708335254 82981402 51.121 0.05910426529709911
14:46:26 55.9 902582272 708335750 82981898 52.095 0.05910426529709911
14:46:27 55.1 902660096 708336246 82982394 49.66 0.05910426529709911
14:46:28 56.4 903016448 708336742 82982890 51.121 0.05910388851677016
14:46:29 52.6 901550080 708346582 82983892 50.634 0.05910388851677016
14:46:30 55.2 898514944 708347078 82984388 51.121 0.05910388851677016
14:46:31 56.7 898969600 708347574 82984884 51.608 0.05910388851677016
14:46:32 56.7 900952064 708348070 82985380 50.634 0.059103834691401035
14:46:33 52.6 901611520 708348566 82985876 50.634 0.059194742049804634
14:46:34 54.2 901799936 708356724 82986748 49.66 0.059194742049804634
14:46:35 54.2 901799936 708357220 82987244 51.608 0.059194742049804634
14:46:36 56.5 901799936 708357716 82987740 51.121 0.059194742049804634
14:46:37 56.1 901095424 708358212 82988236 50.634 0.059194742049804634
14:46:38 51.2 901345280 708358708 82988732 50.634 0.05919458032636249
14:46:39 55.2 900866048 708367592 82989604 50.634 0.05919458032636249
14:46:40 56.2 901017600 708368088 82990100 51.608 0.05919458032636249
14:46:41 57.5 901275648 708368584 82990596 51.608 0.05919458032636249
14:46:42 56.7 902893568 708369080 82991092 51.121 0.05919458032636249
14:46:43 45.1 903409664 708369576 82991588 50.634 0.05919458032636249
14:46:44 55.2 903651328 708378308 82992460 51.608 0.05919441860380402
14:46:45 55.1 903286784 708378804 82992956 50.634 0.05919441860380402
14:46:46 55.4 903286784 708379456 82993608 51.608 0.059194149068170256
14:46:47 55.6 903606272 708379952 82994104 51.608 0.05919371781626179
14:46:48 46.7 903454720 708380754 82994600 50.634 0.059284785074440655
14:46:49 53.3 902004736 708392320 82995542 50.634 0.0732987963973414
14:46:50 56.9 902520832 708393824 82996454 50.634 0.0732987963973414
14:46:51 55.8 902750208 708395321 82997391 50.147 0.07329819572621439
14:46:52 55.7 902811648 708395817 82997887 51.608 0.07329819572621439
14:46:53 52.6 901488640 708396543 82998383 51.121 0.07329819572621439
14:46:54 55.4 901451776 708404091 82999255 51.121 0.07329819572621439
14:46:55 57.7 901451776 708404657 82999821 51.608 0.07329819572621439
14:46:56 54.7 901709824 708405153 83000317 51.608 0.07329819572621439
14:46:57 55.2 903032832 708405649 83000813 51.121 0.07329799550469313
14:46:58 52.2 902418432 708412755 83001685 51.121 0.07329799550469313
14:46:59 56.5 902934528 708413251 83002181 51.608 0.07329799550469313
14:47:00 56.1 903188480 708413817 83002747 51.608 0.07338904891525797
14:47:01 56.2 904290304 708414773 83003361 50.147 0.07338904891525797
14:47:02 55.2 904290304 708415269 83003857 51.121 0.07338904891525797
14:47:03 44.7 903954432 708422311 83004729 51.608 0.07338871480061898
14:47:04 54.9 904212480 708422807 83005225 50.147 0.07347976779664953
14:47:05 55.9 904212480 708423303 83005721 51.608 0.07347976779664953
14:47:06 55.7 905314304 708423799 83006217 51.608 0.07347976779664953
14:47:07 54.7 904896512 708424295 83006713 52.095 0.07347976779664953
14:47:08 52.8 904167424 708432711 83007659 50.147 0.07347943327052223
14:47:09 55.3 904015872 708433207 83008155 51.121 0.07347943327052223
14:47:10 54.4 904949760 708433703 83008651 52.095 0.07347943327052223
14:47:11 54.9 905793536 708434199 83009147 51.121 0.07347943327052223
14:47:12 56.3 905535488 708434695 83009643 51.121 0.07347943327052223
14:47:13 51.8 904425472 708441649 83010445 50.634 0.07347923255630791
14:47:14 56.9 904167424 708442145 83010941 50.634 0.07347923255630791
14:47:15 55.0 904531968 708442641 83011437 51.608 0.07347923255630791
14:47:16 56.9 904859648 708443137 83011933 52.095 0.07347923255630791
14:47:17 55.7 904753152 708443633 83012429 51.608 0.07347923255630791
14:47:18 51.8 904007680 708445715 83013161 51.121 0.0734790318431901
14:47:19 55.4 904417280 708446325 83013755 51.121 0.0734790318431901
14:47:20 56.4 904933376 708446821 83014321 51.121 0.0734790318431901
14:47:21 55.4 905003008 708447317 83014817 51.608 0.0734790318431901
14:47:22 55.6 906035200 708447813 83015313 51.121 0.0734790318431901
14:47:23 46.5 906731520 708449605 83016105 51.121 0.07347816209901706
14:47:24 56.3 906534912 708450101 83016601 52.095 0.07347816209901706
14:47:25 55.4 906989568 708450667 83017167 51.608 0.07347816209901706
14:47:26 54.7 907317248 708451163 83017663 51.608 0.07347816209901706
14:47:27 54.4 907833344 708451659 83018159 51.608 0.07347816209901706
14:47:28 53.1 906444800 708453805 83019387 52.095 0.07347816209901706
14:47:29 57.5 906436608 708454229 83019811 52.095 0.07347796139174725
14:47:31 56.1 906694656 708454867 83020449 51.121 0.07347796139174725
14:47:32 55.9 906764288 708455363 83020945 50.634 0.07347796139174725
14:47:33 53.9 907796480 708455859 83021441 51.608 0.07347796139174725
14:47:34 48.2 907210752 708457585 83022173 51.121 0.07347796139174725
14:47:35 54.1 907210752 708458081 83022669 51.121 0.07347796139174725
14:47:36 55.1 907460608 708458577 83023165 51.121 0.0734777606855739
14:47:37 55.2 907530240 708459073 83023661 51.121 0.0734777606855739
14:47:38 53.8 907530240 708459569 83024157 49.66 0.0734777606855739
14:47:39 53.9 907460608 708461215 83024889 51.121 0.07347769378375979
14:47:40 55.5 907718656 708461711 83025385 51.608 0.07356874420976198
14:47:41 55.6 907968512 708462207 83025881 52.095 0.07356854325634586
14:47:42 55.8 907616256 708462703 83026377 52.095 0.07356854325634586
14:47:43 52.8 907481088 708463341 83026873 50.634 0.07356854325634586
14:47:44 55.1 907956224 708464761 83027605 50.634 0.07356854325634586
14:47:45 56.5 908578816 708465257 83028101 50.634 0.07356854325634586
14:47:46 56.5 908980224 708465753 83028597 51.121 0.07356834230402755
14:47:47 55.4 908275712 708466405 83029249 50.634 0.07356834230402755
14:47:48 52.5 908869632 708468129 83029863 51.608 0.07356834230402755
14:47:49 55.3 908980224 708468625 83030359 51.121 0.07356834230402755
14:47:50 57.5 908722176 708469333 83031153 51.121 0.07356834230402755
14:47:51 55.9 908722176 708469829 83031649 52.095 0.07356834230402755
14:47:52 55.5 909557760 708470325 83032145 51.608 0.07356814135280704
14:47:53 52.3 909484032 708471737 83032759 51.121 0.07356814135280704
14:47:54 56.1 909344768 708472233 83033255 51.608 0.07356814135280704
14:47:55 55.4 909193216 708472771 83033811 51.121 0.07356814135280704
14:47:56 54.9 908935168 708473267 83034307 51.121 0.07356814135280704
14:47:57 55.6 911040512 708473833 83034873 51.608 0.07356794040268431
14:47:58 46.6 910458880 708475081 83035487 51.121 0.07356794040268431
14:47:59 55.5 910561280 708475577 83036361 51.608 0.07356794040268431
14:48:00 56.0 910041088 708476073 83036857 51.121 0.07365898983387575
14:48:01 54.8 910966784 708477213 83037541 51.608 0.07365898983387575
14:48:02 56.8 910999552 708477709 83038037 52.095 0.07365878863615154
14:48:03 52.6 910708736 708478961 83038651 50.634 0.07365878863615154
14:48:04 55.2 910413824 708479457 83039147 50.634 0.07365878863615154
14:48:05 55.6 910929920 708479953 83039643 50.634 0.07365878863615154
14:48:06 56.7 911187968 708480449 83040139 51.121 0.07365878863615154
14:48:07 55.5 912289792 708480945 83040635 52.095 0.07365878863615154
14:48:08 51.8 910925824 708482209 83041249 51.608 0.07365858743952644
14:48:09 56.3 911179776 708482705 83041745 52.095 0.07365858743952644
14:48:10 55.9 911237120 708483201 83042241 50.634 0.07365845330905367
14:48:11 55.8 910471168 708483697 83042737 52.095 0.07374950207705003
14:48:12 54.1 910274560 708484193 83043233 50.147 0.07374950207705003
14:48:13 47.1 909398016 708485637 83043847 51.608 0.07374896489685843
14:48:14 55.2 909467648 708486133 83044343 51.608 0.07374896489685843
14:48:15 55.5 909877248 708486629 83044839 50.634 0.07374896489685843
14:48:16 55.9 911040512 708487125 83045335 50.147 0.07374896489685843
14:48:17 54.0 910462976 708487621 83045831 51.608 0.07374896489685843
14:48:18 53.2 909459456 708489233 83046445 51.608 0.07374876345630409
14:48:19 55.4 910385152 708489729 83046941 50.634 0.07374876345630409
14:48:20 56.6 910749696 708490339 83047605 50.634 0.07374876345630409
14:48:21 55.2 910196736 708490835 83048101 51.608 0.07374876345630409
14:48:22 52.7 910409728 708491331 83048597 50.147 0.07374876345630409
14:48:23 54.3 909611008 708492579 83049211 51.121 0.07374876345630409
14:48:24 53.7 909922304 708493075 83049707 51.608 0.07374856201685018
14:48:25 56.0 909602816 708493613 83050263 51.608 0.07374856201685018
14:48:26 56.3 910553088 708494109 83050759 52.582 0.07374856201685018
14:48:27 47.2 909930496 708494605 83051255 50.147 0.07374856201685018
14:48:28 4.6 909193216 708495923 83051885 49.173 0.07374856201685018
14:48:29 5.0 909336576 708496171 83052133 48.199 0.07374836057849671
14:48:30 4.5 909852672 708496419 83052381 46.738 0.07374836057849671
14:48:31 5.1 910696448 708496667 83052629 47.225 0.07374836057849671
14:48:32 5.9 910696448 708496985 83052947 47.712 0.07374836057849671
14:48:33 6.4 910696448 708497233 83053195 47.225 0.07374836057849671
14:48:34 6.4 910696448 708497481 83053443 47.225 0.07374836057849671
14:48:35 6.6 910491648 708497729 83053691 46.738 0.07374782341493392
14:48:36 6.4 910794752 708497977 83053939 46.251 0.07374782341493392
14:48:37 5.2 910020608 708498225 83054187 46.738 0.07374782341493392
14:48:38 6.2 909398016 708498473 83054435 46.738 0.07374782341493392
14:48:39 6.6 909398016 708498721 83054683 45.764 0.07374782341493392
14:48:40 5.9 909905920 708498969 83054931 46.251 0.0737476219806153
14:48:41 6.9 910012416 708499217 83055179 46.738 0.0737476219806153
14:48:42 5.9 910163968 708499465 83055427 46.251 0.0737476219806153
14:48:43 7.1 910163968 708499713 83055675 45.764 0.0737476219806153
14:48:44 6.2 910413824 708499961 83055923 45.764 0.0737476219806153
14:48:45 6.9 910778368 708500209 83056171 44.79 0.07374755483608696
14:48:46 6.4 910663680 708500613 83056575 46.738 0.07383839951854815
14:48:47 7.4 910376960 708500861 83056823 45.277 0.07383839951854815
14:48:48 6.2 910671872 708501109 83057071 45.277 0.07383839951854815
14:48:49 6.2 910884864 708501357 83057319 45.277 0.07383839951854815
14:48:50 6.9 910643200 708501817 83057865 46.251 0.07383839951854815
14:48:51 7.1 910635008 708502065 83058113 46.251 0.07383819783811589
14:48:52 5.9 910376960 708502313 83058361 45.277 0.07383819783811589
14:48:53 12.2 909860864 708502561 83058609 46.251 0.07383819783811589
14:48:54 29.5 910397440 708711108 83064250 46.738 0.07392924370474736
14:48:55 4.0 910508032 708711468 83064746 46.251 0.07392924370474736
14:48:56 3.5 910864384 708711716 83064994 45.764 0.07392904177673702
14:48:57 3.3 911859712 708711964 83065242 45.764 0.07392904177673702
14:48:58 3.8 911859712 708712282 83065560 45.764 0.07392904177673702
14:48:59 4.7 911597568 708712572 83065868 45.277 0.07402008739468867
14:49:00 5.4 911597568 708712862 83066176 45.277 0.07402008739468867
14:49:01 5.2 911073280 708713694 83066542 44.79 0.07401988521910297
14:49:02 5.2 911437824 708713942 83066790 45.277 0.07401988521910297
14:49:03 4.9 911437824 708714260 83067108 45.277 0.07401988521910297
14:49:04 4.4 911331328 708714508 83067356 45.277 0.07401988521910297
14:49:05 7.1 911073280 708714756 83067604 44.79 0.07401988521910297
14:49:06 5.7 910815232 708715004 83067852 45.277 0.07401988521910297
14:49:07 5.7 911323136 708715252 83068100 45.277 0.07401968304462167
14:49:08 7.3 910807040 708715500 83068348 45.277 0.07401968304462167
14:49:09 6.2 911323136 708715748 83068596 44.79 0.07401968304462167
14:49:10 6.6 911429632 708715996 83068844 44.79 0.07401968304462167
14:49:11 6.4 911065088 708716244 83069092 44.79 0.07401968304462167
14:49:12 5.4 910655488 708716492 83069340 45.277 0.07401968304462167
14:49:13 5.9 910798848 708716740 83069588 44.79 0.0740194808712448
14:49:14 6.1 910798848 708716988 83069836 43.816 0.0740194808712448
14:49:15 6.2 910266368 708717236 83070084 44.303 0.0740194808712448
14:49:16 6.9 910372864 708717484 83070332 45.764 0.07401934608960711
14:49:17 6.1 910266368 708717732 83070580 45.277 0.07411039079574439
14:49:18 6.6 910245888 708717980 83072166 44.79 0.07410998595643079
14:49:19 6.4 909729792 708718342 83073920 45.277 0.07410998595643079
14:49:20 6.6 909729792 708718590 83074338 44.303 0.07410998595643079
14:49:21 6.9 909471744 708718838 83074586 44.79 0.07410998595643079
14:49:22 6.9 909987840 708719086 83074834 43.329 0.07410998595643079
14:49:23 5.4 909729792 708719334 83075082 44.303 0.07410998595643079
14:49:24 5.9 909721600 708719624 83075390 44.303 0.07410978353843262
14:49:25 6.6 909979648 708719872 83075638 44.303 0.07410978353843262
14:49:27 7.1 911011840 708720120 83075886 44.303 0.07410971606601227
14:49:28 6.6 911527936 708720368 83076134 44.79 0.07410971606601227
14:49:29 6.6 911527936 708720616 83076382 44.303 0.07410971606601227
14:49:30 7.1 911785984 708720934 83076700 44.303 0.07410971606601227
14:49:31 6.1 911777792 708721182 83076948 43.329 0.07410951364948841
14:49:32 6.9 912293888 708721430 83077196 43.816 0.07410951364948841
14:49:33 6.9 912293888 708721678 83077444 44.79 0.07410951364948841
14:49:34 6.2 911323136 708721926 83077692 45.277 0.07410951364948841
14:49:35 5.9 910745600 708722244 83078010 43.816 0.07410951364948841
14:49:36 6.4 910229504 708722492 83078258 44.303 0.07410951364948841
14:49:37 7.1 910221312 708722740 83078506 44.303 0.07410931123407026
14:49:38 6.6 910221312 708722988 83078754 43.816 0.07410931123407026
14:49:39 7.1 910995456 708723236 83079002 44.303 0.07410931123407026
14:49:40 6.2 911253504 708723484 83079250 43.329 0.07410931123407026
14:49:41 5.7 911511552 708723732 83079498 45.277 0.07410931123407026
14:49:42 7.1 910995456 708723980 83079746 43.329 0.07410931123407026
14:49:43 6.4 910471168 708724228 83079994 44.303 0.07410910881975782
14:49:44 6.9 910213120 708724476 83080242 43.816 0.07410910881975782
14:49:45 6.9 910213120 708724724 83080490 43.816 0.07410910881975782
14:49:46 6.4 910213120 708724972 83080738 43.329 0.07410910881975782
14:49:47 5.4 909795328 708725376 83081142 44.303 0.07410910881975782
14:49:48 7.9 909946880 708725624 83081390 43.816 0.07410910881975782
14:49:49 6.9 910196736 708725945 83081711 43.816 0.07410890640655109
14:49:50 6.9 910462976 708726405 83082257 43.816 0.07410890640655109
14:49:51 5.7 909688832 708726653 83082505 43.816 0.07410890640655109
14:49:52 6.6 909537280 708726901 83082753 44.79 0.07410863652399541
14:49:53 5.7 909172736 708727149 83083001 43.816 0.07419967907500769
14:49:54 6.9 909430784 708727397 83083249 43.329 0.07419967907500769
14:49:55 5.9 909271040 708727687 83083557 43.329 0.07419947641571918
14:49:56 6.6 909164544 708727935 83083805 43.329 0.07419947641571918
14:49:57 7.4 909885440 708728183 83084053 43.329 0.07419947641571918
14:49:58 7.1 910024704 708728431 83084301 43.329 0.07419947641571918
14:49:59 6.4 910536704 708728679 83084549 44.303 0.07429051871806976
14:50:00 5.7 910794752 708728927 83084797 43.329 0.07429051871806976
14:50:01 5.9 910757888 708730057 83085233 44.303 0.07429031581122794
14:50:02 6.9 910606336 708730305 83085481 43.816 0.07429031581122794
14:50:03 5.9 910499840 708730553 83085729 43.816 0.07429031581122794
14:50:04 6.6 911015936 708731180 83086332 43.816 0.07429031581122794
14:50:05 5.0 911273984 708731498 83086936 43.816 0.07429031581122794
14:50:06 5.7 911523840 708731746 83087290 43.816 0.07429011290549452
14:50:07 6.4 911523840 708731994 83087538 43.329 0.07429011290549452
14:50:08 6.4 911781888 708732242 83087786 43.816 0.07429011290549452
14:50:09 6.9 911523840 708732490 83088034 44.303 0.07429011290549452
14:50:10 5.9 911523840 708732738 83088282 44.303 0.07429011290549452
14:50:11 5.9 912039936 708732986 83088530 43.329 0.07429011290549452
14:50:12 6.9 912396288 708733234 83088778 44.303 0.07428991000086944
14:50:13 6.2 912031744 708733482 83089026 43.816 0.07428991000086944
14:50:14 7.1 911515648 708733730 83089274 44.303 0.07428991000086944
14:50:15 6.4 911515648 708733978 83089522 43.329 0.07428991000086944
14:50:16 6.2 911364096 708734337 83089857 43.816 0.07428991000086944
14:50:17 6.7 910848000 708734585 83090105 43.816 0.07428991000086944
14:50:18 6.7 910733312 708734833 83090353 43.816 0.07428970709735275
14:50:19 6.9 911355904 708735081 83090601 42.842 0.07428970709735275
14:50:20 7.1 912023552 708735443 83091017 43.329 0.07428970709735275
14:50:21 6.4 911872000 708735691 83091265 43.816 0.07428970709735275
14:50:22 6.4 912236544 708735939 83091513 43.329 0.07428970709735275
14:50:23 6.9 912273408 708736187 83091761 43.329 0.07428936892728791
14:50:24 6.2 912031744 708736435 83092009 43.816 0.07438040982058115
14:50:25 7.4 912015360 708736725 83092317 43.329 0.07438040982058115
14:50:26 6.1 912015360 708736973 83092565 43.329 0.07438040982058115
14:50:27 6.4 911667200 708737221 83092813 43.816 0.07438040982058115
14:50:28 5.7 911491072 708737469 83093061 42.355 0.07437980037626893
14:50:29 7.3 911597568 708737717 83093309 42.842 0.07437980037626893
14:50:30 7.1 911491072 708737965 83093557 43.816 0.07437980037626893
14:50:31 6.7 912068608 708738213 83093805 43.329 0.07437980037626893
14:50:32 6.4 912265216 708738531 83094123 43.816 0.07437980037626893
14:50:33 6.6 912105472 708738779 83094371 42.842 0.0743795972303842
14:50:34 6.9 911740928 708739027 83094619 43.329 0.0743795972303842
14:50:35 6.4 911847424 708739275 83094867 43.329 0.0743795972303842
14:50:36 7.3 911454208 708739593 83095185 43.329 0.0743795972303842
14:50:37 7.1 911863808 708739841 83095433 43.329 0.0743795972303842
14:50:38 7.3 911446016 708740089 83095681 44.303 0.07437939408560913
14:50:39 6.9 911810560 708740337 83095929 43.329 0.07437939408560913
14:50:40 6.9 911962112 708740585 83096177 43.816 0.07437939408560913
14:50:41 5.7 911826944 708740833 83096531 43.816 0.07437939408560913
14:50:42 5.5 911962112 708741081 83096779 43.816 0.07437939408560913
14:50:43 6.1 912084992 708741329 83098909 43.816 0.07437939408560913
14:50:44 6.4 911695872 708741577 83100275 42.842 0.07437919094194372
14:50:45 6.4 911953920 708741825 83101293 42.842 0.07437919094194372
14:50:46 6.9 911925248 708742229 83102587 42.842 0.07437919094194372
14:50:47 7.1 911470592 708743351 83103633 43.816 0.07437919094194372
14:50:48 6.6 912183296 708743599 83104039 42.842 0.07437919094194372
14:50:49 6.2 912183296 708743847 83104287 42.842 0.07437919094194372
14:50:50 5.7 912175104 708744307 83104833 43.329 0.07437898779938794
14:50:51 6.2 912175104 708745469 83105456 43.816 0.07437898779938794
14:50:52 7.1 911908864 708745717 83105704 43.816 0.07437898779938794
14:50:53 6.2 912424960 708745965 83105952 42.842 0.07437898779938794
14:50:54 6.9 912683008 708746320 83106200 43.816 0.07437892008544927
14:50:55 6.4 912691200 708746568 83106448 43.329 0.0744699591553213
14:50:56 7.6 912683008 708746816 83106696 42.842 0.07446975576560234
14:50:57 7.6 912654336 708747064 83106944 43.816 0.07446975576560234
14:50:58 7.6 912396288 708747312 83107192 43.816 0.07446975576560234
14:50:59 6.4 912392192 708747560 83107440 43.329 0.07456079458683168
14:51:00 5.4 912134144 708747808 83107688 43.329 0.07456079458683168
14:51:01 6.7 912650240 708748483 83108127 43.816 0.07456079458683168
14:51:02 6.2 912900096 708748731 83108375 42.842 0.07456059094958238
14:51:03 5.9 912187392 708749049 83108693 43.329 0.07456059094958238
14:51:04 6.7 912232448 708749297 83108941 42.842 0.07456059094958238
14:51:05 5.4 911867904 708749545 83109189 42.842 0.07456059094958238
14:51:06 7.1 911093760 708749793 83109437 44.303 0.07456059094958238
14:51:07 6.4 910684160 708750111 83109755 43.816 0.07456059094958238
14:51:08 5.4 910307328 708750359 83110003 44.303 0.0745603873134454
14:51:09 6.2 911081472 708750607 83110251 42.842 0.0745603873134454
14:51:10 7.6 910929920 708750855 83110499 43.816 0.0745603873134454
14:51:11 6.9 910823424 708751103 83110747 42.355 0.0745603873134454
14:51:12 6.4 911187968 708751351 83110995 43.329 0.0745603873134454
14:51:13 6.2 911695872 708751599 83111243 42.842 0.07456018367842075
14:51:14 6.2 911695872 708751847 83111491 43.329 0.07456018367842075
14:51:15 6.4 911437824 708752095 83111739 42.842 0.07456018367842075
14:51:16 6.6 911073280 708752343 83111987 42.842 0.07456018367842075
14:51:17 5.2 911331328 708752591 83112235 42.355 0.07456018367842075
14:51:18 6.6 911847424 708752839 83112483 43.329 0.07456018367842075
14:51:19 5.7 912326656 708753201 83112829 43.816 0.0745599800445084
14:51:20 5.7 911917056 708753449 83113147 43.329 0.0745599800445084
14:51:21 5.7 912068608 708753697 83113395 42.842 0.0745599800445084
14:51:22 5.7 911659008 708753945 83113643 43.329 0.0745599800445084
14:51:23 7.1 911552512 708754193 83113891 43.329 0.0745599800445084
14:51:24 5.9 911552512 708754441 83114139 43.329 0.0745599800445084
14:51:25 6.9 910770176 708754731 83114447 43.816 0.07455977641170834
14:51:26 5.9 911028224 708754979 83114695 42.842 0.07455977641170834
14:51:27 6.9 911028224 708755227 83114943 42.355 0.07455977641170834
14:51:28 5.9 911286272 708755475 83115191 42.842 0.07455977641170834
14:51:30 7.4 911544320 708755723 83115439 43.816 0.07455964065712625
14:51:31 5.7 911900672 708755971 83115687 43.329 0.0746502703113599
14:51:32 5.7 912052224 708756219 83115935 42.842 0.0746502703113599
14:51:33 5.9 912310272 708756467 83116183 43.329 0.0746502703113599
14:51:34 5.4 912052224 708756785 83116501 42.355 0.0746502703113599
14:51:35 6.2 911794176 708757033 83116749 42.842 0.0746502703113599
14:51:36 5.9 911785984 708757281 83116997 42.842 0.07465006643400729
14:51:37 6.7 911785984 708757529 83117245 43.329 0.07465006643400729
14:51:38 6.6 911785984 708757777 83117493 42.355 0.07465006643400729
14:51:39 7.1 911785984 708758095 83117811 43.329 0.07465006643400729
14:51:40 6.9 912666624 708758343 83118059 42.842 0.07465006643400729
14:51:41 5.4 912142336 708758591 83118307 43.329 0.07464986255776829
14:51:42 6.2 911777792 708758839 83118555 41.381 0.07464986255776829
14:51:43 6.2 911626240 708759087 83118803 42.355 0.07464986255776829
14:51:44 5.7 911777792 708759335 83119051 43.816 0.07464986255776829
14:51:45 6.6 911839232 708759583 83119299 42.842 0.07464965868264291
14:51:46 7.1 912285696 708759831 83119547 42.355 0.07464945480863111
14:51:47 12.0 911769600 708760235 83119951 43.329 0.07464942932445795
14:51:48 4.2 910995456 708760483 83120199 43.329 0.07464942932445795
14:51:49 4.5 911511552 708760731 83120447 43.816 0.07464942932445795
14:51:50 3.5 911253504 708761191 83120993 42.842 0.07464942932445795
14:51:51 3.5 911503360 708761439 83121241 43.329 0.07464922545169894
14:51:52 4.1 911867904 708761687 83121489 43.329 0.07464922545169894
14:51:53 6.9 912019456 708761935 83121737 43.329 0.07464922545169894
14:51:54 7.9 911822848 708762183 83121985 43.816 0.07464922545169894
14:51:55 6.4 911761408 708762473 83122293 43.329 0.07464922545169894
14:51:56 7.1 912269312 708762721 83122541 43.329 0.0746490215800535
14:51:57 7.1 911314944 708762969 83122789 42.355 0.0746490215800535
14:51:58 5.9 910708736 708763217 83123037 43.816 0.0746490215800535
14:51:59 6.2 910278656 708763465 83123285 42.842 0.07474005697222431
14:52:00 5.9 910135296 708763713 83123533 43.816 0.07474005697222431
14:52:01 6.4 909574144 708764437 83123899 42.842 0.07473992089266412
14:52:02 7.1 909611008 708764685 83124147 42.842 0.07483054738613688
14:52:03 5.9 910127104 708765023 83124485 43.816 0.07483054738613688
14:52:04 5.4 911310848 708765271 83124733 43.329 0.07483054738613688
14:52:05 6.9 911826944 708765589 83125051 43.329 0.07483054738613688
14:52:06 5.9 912191488 708765837 83125299 42.842 0.07483054738613688
14:52:07 6.6 912183296 708766085 83125547 43.329 0.07483027489998449
14:52:08 5.4 912076800 708766333 83125795 41.868 0.07483027489998449
14:52:09 7.6 912592896 708766651 83126043 43.816 0.07483027489998449
14:52:10 5.9 912592896 708766899 83126361 42.842 0.07483027489998449
14:52:11 6.4 912564224 708767147 83127001 43.329 0.07483027489998449
14:52:12 24.6 912756736 708772388 83328677 43.329 0.07483007053667248
14:52:13 30.6 913014784 708772636 83328925 44.79 0.07483007053667248
14:52:14 36.6 912248832 708806590 83531717 45.764 0.07492110468574385
14:52:15 30.8 912007168 708806838 83531965 45.764 0.07492110468574385
14:52:16 29.8 912248832 708807086 83532213 45.277 0.07492110468574385
14:52:17 31.1 913494016 708807334 83532461 45.764 0.07492090007493228
14:52:18 41.8 915816448 708807582 83532709 46.738 0.07492090007493228
14:52:19 59.2 916590592 708807830 83532957 47.225 0.07492090007493228
14:52:20 57.1 917594112 708808192 83533373 46.251 0.07492090007493228
14:52:21 54.5 918110208 708808440 83533621 45.277 0.07492090007493228
14:52:22 54.9 919142400 708808688 83533869 47.225 0.07492090007493228
14:52:23 41.4 918536192 708821748 83534515 47.225 0.0889274109528397
14:52:24 55.0 919052288 708821996 83534763 47.712 0.0889274109528397
14:52:25 55.9 919568384 708822286 83535071 48.199 0.0889274109528397
14:52:26 56.2 919826432 708822534 83535319 46.738 0.08892708718392968
14:52:27 55.7 920428544 708823030 83535815 48.686 0.08892708718392968
14:52:28 52.2 919060480 708833844 83536391 47.225 0.08892652059401004
14:52:29 56.9 919318528 708834092 83536639 47.712 0.08892652059401004
14:52:30 54.5 919576576 708834340 83536887 48.199 0.08892652059401004
14:52:31 56.5 920350720 708834588 83537135 49.173 0.08892652059401004
14:52:32 54.7 921968640 708834836 83537383 48.199 0.08892652059401004
14:52:33 47.5 921616384 708845786 83537959 48.199 0.08892652059401004
14:52:34 56.0 921604096 708846034 83538207 48.199 0.08892627777196895
14:52:35 56.7 921968640 708846282 83538455 48.686 0.08892627777196895
14:52:36 55.6 922120192 708846600 83538773 48.199 0.08892619683158327
14:52:37 56.8 922198016 708846848 83539021 49.66 0.08901721648033617
14:52:38 51.9 921079808 708857730 83539597 49.173 0.08901721648033617
14:52:39 55.1 920289280 708857978 83539845 49.173 0.08901697341152659
14:52:40 55.2 920031232 708858296 83540163 49.66 0.08901697341152659
14:52:41 55.8 919773184 708858544 83540411 48.199 0.08901697341152659
14:52:42 54.1 920883200 708858792 83540659 49.173 0.08901697341152659
14:52:43 48.2 920526848 708871184 83541379 48.686 0.08901697341152659
14:52:44 56.3 920784896 708871432 83541627 49.66 0.08901697341152659
14:52:45 54.2 921292800 708871680 83541875 48.686 0.08901673034404443
14:52:46 55.2 921808896 708872084 83542279 48.686 0.08901664932184537
14:52:47 55.1 921620480 708872332 83542527 48.686 0.08901664932184537
14:52:48 51.8 921657344 708883442 83543103 50.147 0.08901664932184537
14:52:49 57.0 922066944 708883938 83543599 49.173 0.08901664932184537
14:52:50 54.7 922316800 708884398 83544145 51.121 0.08901640625613311
14:52:51 55.9 922316800 708884646 83544393 49.66 0.08901640625613311
14:52:52 56.1 922128384 708885142 83544889 50.634 0.08901640625613311
14:52:53 52.4 920739840 708896154 83545525 50.147 0.08901640625613311
14:52:54 55.4 920739840 708896650 83546021 50.147 0.08901640625613311
14:52:55 56.0 920997888 708897146 83546517 50.147 0.08901640625613311
14:52:56 56.9 921681920 708897642 83547013 49.173 0.08901616319174825
14:52:57 56.1 922169344 708898138 83547509 50.147 0.08901616319174825
14:52:58 52.7 921214976 708909264 83548085 50.634 0.08910718176351896
14:52:59 54.5 921731072 708909760 83548581 50.634 0.08910718176351896
14:53:00 55.4 921989120 708910256 83549077 50.147 0.08910718176351896
14:53:01 55.2 922316800 708911364 83549691 50.147 0.08910685734836332
14:53:02 55.6 922308608 708911612 83549939 50.147 0.0891066140385468
14:53:03 53.0 921722880 708921280 83550763 51.121 0.0891066140385468
14:53:04 55.5 921722880 708921776 83551259 50.634 0.0891066140385468
14:53:05 55.9 921980928 708922272 83551755 50.147 0.0891066140385468
14:53:06 56.4 922816512 708922768 83552251 50.634 0.0891059652188654
14:53:07 54.3 923074560 708923334 83552817 50.147 0.08919698254799599
14:53:08 48.6 922202112 708925840 83553183 49.66 0.08919698254799599
14:53:09 57.0 922460160 708926336 83553679 49.66 0.08919698254799599
14:53:10 54.8 922460160 708926832 83554175 49.173 0.08919698254799599
14:53:11 54.8 923045888 708927398 83554741 50.147 0.08919698254799599
14:53:12 55.4 923402240 708927894 83555237 49.66 0.08919665781033355
14:53:13 53.7 922710016 708929462 83555603 50.147 0.08919665781033355
14:53:14 56.9 923226112 708929958 83556099 50.634 0.08919665781033355
14:53:15 56.8 923484160 708930454 83556595 51.121 0.08919665781033355
14:53:17 54.8 923144192 708930950 83557091 50.634 0.08919665781033355
14:53:18 52.8 923803648 708931446 83557587 49.66 0.08919641425863843
14:53:19 55.2 922550272 708933118 83558201 50.634 0.08919641425863843
14:53:20 56.2 922959872 708933728 83558865 50.147 0.08919641425863843
14:53:21 54.9 923324416 708933976 83559113 50.147 0.08919641425863843
14:53:22 55.6 924061696 708934472 83559609 51.121 0.08919641425863843
14:53:23 52.1 923643904 708934968 83560105 50.634 0.08919617070827335
14:53:24 51.2 923459584 708936824 83560719 50.634 0.08919617070827335
14:53:25 53.0 923201536 708937320 83561215 50.634 0.08919617070827335
14:53:26 55.0 922685440 708937816 83561711 51.121 0.08919617070827335
14:53:27 55.1 924053504 708938312 83562207 51.608 0.08919617070827335
14:53:28 51.4 923893760 708938808 83562703 50.147 0.08919592715923828
14:53:29 46.6 922169344 708946456 83563209 49.173 0.10319796525281738
14:53:30 54.7 922943488 708946952 83563705 51.121 0.10319796525281738
14:53:31 55.9 922427392 708947448 83564201 51.608 0.10319796525281738
14:53:32 56.2 921980928 708947944 83564697 51.608 0.10319796525281738
14:53:33 53.4 922238976 708948440 83565193 51.608 0.10319796525281738
14:53:34 54.5 922419200 708954706 83566055 50.634 0.10319730786070684
14:53:35 54.9 922783744 708955202 83566551 51.121 0.10319730786070684
14:53:36 56.5 922935296 708955698 83567047 51.121 0.10319730786070684
14:53:37 54.7 923779072 708956194 83567543 51.121 0.10319730786070684
14:53:38 51.7 923521024 708956760 83568109 49.66 0.10319655656569322
14:53:39 55.7 922935296 708958678 83568841 50.634 0.10328755882016033
14:53:40 54.1 923291648 708959174 83569337 49.66 0.10328727683890883
14:53:41 55.2 923185152 708959670 83569833 51.121 0.10328727683890883
14:53:42 55.6 924545024 708960166 83570329 51.121 0.10328727683890883
14:53:43 47.8 924803072 708960732 83570895 50.147 0.10328727683890883
14:53:44 53.0 923246592 708962650 83571627 50.634 0.10328727683890883
14:53:45 54.3 923176960 708963146 83572123 51.121 0.10328699485919696
14:53:46 56.5 923435008 708963642 83572619 51.608 0.10328699485919696
14:53:47 55.3 924278784 708964294 83573271 50.634 0.10328699485919696
14:53:48 51.9 924250112 708964932 83573767 51.121 0.10328699485919696
14:53:49 55.7 923951104 708966684 83574499 51.121 0.10328699485919696
14:53:50 55.4 924459008 708967392 83575293 51.121 0.10328671288102474
14:53:51 55.8 924717056 708967888 83575789 51.121 0.10328671288102474
14:53:52 54.9 925560832 708968384 83576285 51.608 0.10328671288102474
14:53:53 52.2 925270016 708970262 83577017 50.634 0.10328671288102474
14:53:54 56.5 925233152 708970758 83577513 51.121 0.10328671288102474
14:53:55 55.3 924966912 708971254 83578009 50.634 0.10328643090439214
14:53:56 56.5 924966912 708971750 83578505 50.634 0.10328643090439214
14:53:57 56.0 926208000 708972246 83579001 51.608 0.10328643090439214
14:53:58 52.7 925163520 708982956 83579943 50.634 0.11737517712903729
14:53:59 55.4 925011968 708983452 83580439 51.121 0.11737517712903729
14:54:00 55.6 924639232 708983948 83580935 51.608 0.11737442954833023
14:54:01 55.4 924450816 708984928 83581549 50.634 0.11737442954833023
14:54:02 55.4 924450816 708985424 83582045 50.634 0.11737442954833023
14:54:03 52.6 924680192 708991632 83582847 50.634 0.11737442954833023
14:54:04 56.1 924639232 708992128 83583343 51.608 0.11737442954833023
14:54:05 56.9 924889088 708992624 83583839 50.634 0.1173741091595138
14:54:06 56.3 925147136 708993120 83584335 50.634 0.1173741091595138
14:54:07 56.5 926248960 708993616 83584831 51.608 0.1173741091595138
14:54:08 50.5 926023680 709003346 83585719 51.608 0.13136756569828195
14:54:09 55.4 925716480 709003842 83586215 51.121 0.13145854046677105
14:54:10 54.9 925716480 709004338 83586711 51.121 0.13145854046677105
14:54:11 56.2 925495296 709004834 83587207 51.121 0.13145734453662253
14:54:12 55.2 925724672 709005330 83587763 50.147 0.13145734453662253
14:54:13 52.4 925458432 709011864 83588695 51.121 0.13145734453662253
14:54:14 56.6 925626368 709012360 83589371 51.121 0.13145734453662253
14:54:15 56.6 925171712 709012856 83589867 51.121 0.13145734453662253
14:54:16 56.2 924594176 709013460 83590649 51.121 0.13145734453662253
14:54:17 53.9 925126656 709013956 83591643 51.608 0.13145698576182108
14:54:18 51.4 924844032 709020072 83592445 52.095 0.13145698576182108
14:54:19 56.2 925360128 709020568 83592941 50.634 0.13145698576182108
14:54:20 57.0 925724672 709021178 83593605 50.634 0.13145698576182108
14:54:21 55.6 925618176 709021674 83594101 51.121 0.13145698576182108
14:54:22 56.7 925224960 709022170 83594597 51.121 0.13145662698897798
14:54:23 46.1 925351936 709026972 83595399 50.634 0.13145662698897798
14:54:24 56.1 925351936 709027468 83595895 51.608 0.13145662698897798
14:54:25 56.2 926126080 709027964 83596391 50.634 0.13145662698897798
14:54:26 56.0 925868032 709028460 83596887 51.608 0.13145662698897798
14:54:27 57.0 925929472 709028956 83597383 51.121 0.13145626821809323
14:54:28 43.8 925573120 709039726 83598325 51.608 0.14544576363630782
14:54:29 57.2 925376512 709040222 83598821 51.608 0.14544576363630782
14:54:30 54.9 925831168 709040718 83599317 51.121 0.14544576363630782
14:54:31 54.8 925679616 709041214 83599813 51.121 0.14544576363630782
14:54:32 55.2 924594176 709041710 83600309 50.147 0.14544576363630782
14:54:33 51.9 924000256 709048254 83601111 51.608 0.1454448375553306
14:54:34 54.8 924000256 709048750 83601607 51.608 0.14544391148614638
14:54:35 56.3 923500544 709049246 83602103 51.121 0.14544391148614638
14:54:36 55.5 923758592 709049742 83602659 51.121 0.14544391148614638
14:54:37 54.9 924602368 709050238 83603155 51.121 0.14544391148614638
14:54:38 51.4 924266496 709055030 83603973 52.582 0.1454435146029632
14:54:39 56.4 924266496 709055526 83604469 50.634 0.14544338230905013
14:54:40 55.4 924524544 709056022 83604965 51.121 0.14553434127234535
14:54:41 55.7 918282240 709056518 83605461 51.121 0.14553434127234535
14:54:42 55.6 919384064 709057014 83605957 50.634 0.14553434127234535
14:54:43 51.4 919564288 709061652 83606759 51.121 0.14553394414384485
14:54:44 54.7 919822336 709062218 83607325 50.147 0.14553394414384485
14:54:45 55.8 920596480 709062714 83607821 51.121 0.14553394414384485
14:54:46 54.5 921956352 709063366 83608473 52.095 0.14553394414384485
14:54:47 54.3 922472448 709063862 83608969 50.634 0.14553394414384485
14:54:48 53.2 921362432 709068412 83609771 50.147 0.14553354701751167
14:54:49 54.1 921878528 709069006 83610267 51.608 0.14553354701751167
14:54:50 53.9 921985024 709069616 83611061 51.121 0.14553354701751167
14:54:51 55.9 923488256 709071026 83611932 51.121 0.14553354701751167
14:54:52 53.4 924520448 709071522 83612488 51.121 0.14553354701751167
14:54:53 50.3 923668480 709076324 83613290 51.608 0.1455331498933458
14:54:54 54.6 924299264 709076820 83613786 50.634 0.1455331498933458
14:54:55 55.1 923934720 709077316 83614282 51.608 0.1455331498933458
14:54:56 56.0 924774400 709077812 83614778 51.608 0.14562410811202914
14:54:57 53.9 925003776 709078804 83615770 51.608 0.14562410811202914
14:54:58 55.2 923377664 709083750 83616572 52.095 0.1456237107418293
14:54:59 55.4 923635712 709084246 83617068 51.121 0.1456237107418293
14:55:00 55.5 924409856 709084742 83617564 51.608 0.1456237107418293
14:55:01 55.6 924950528 709085730 83618178 51.121 0.1456237107418293
14:55:02 50.3 923525120 709086556 83618674 51.608 0.1456237107418293
14:55:03 56.0 923623424 709092002 83619404 51.121 0.14562331337379816
14:55:04 54.5 924397568 709092570 83619972 51.608 0.14562331337379816
14:55:05 56.2 924139520 709093066 83620468 51.608 0.14562331337379816
14:55:06 54.6 923435008 709093562 83620964 51.121 0.14562331337379816
14:55:08 52.7 923623424 709095272 83621696 50.634 0.14562331337379816
14:55:09 55.3 923873280 709095768 83622192 50.634 0.1456229160079356
14:55:10 56.5 923873280 709096334 83622758 50.147 0.1456229160079356
14:55:11 55.4 924389376 709096830 83623314 52.095 0.14562265109856531
14:55:12 55.9 925491200 709097326 83623810 50.147 0.14571360840718403
14:55:13 45.8 924905472 709098918 83624542 50.147 0.14571360840718403
14:55:14 56.3 925503488 709099484 83625038 51.121 0.1457128131884649
14:55:15 56.5 925671424 709099980 83625534 51.121 0.1457128131884649
14:55:16 56.2 925671424 709100546 83626100 51.121 0.1457128131884649
14:55:17 55.3 925999104 709101042 83626596 51.608 0.1457128131884649
14:55:18 52.2 925155328 709102692 83627328 50.634 0.1457128131884649
14:55:19 55.6 925405184 709103188 83627824 50.634 0.1457124155823602
14:55:20 54.8 925663232 709103798 83628488 52.095 0.1457124155823602
14:55:21 56.1 925663232 709104294 83628984 50.634 0.1457124155823602
14:55:22 56.6 925216768 709104790 83629480 50.634 0.1457124155823602
14:55:23 52.3 924217344 709106364 83630212 51.121 0.1457124155823602
14:55:24 55.4 924729344 709106860 83630708 52.582 0.14571201797842537
14:55:25 55.7 925138944 709107356 83631204 51.608 0.14571201797842537
14:55:26 55.9 925138944 709107852 83631700 51.608 0.14571201797842537
14:55:27 56.6 925466624 709108348 83632196 51.608 0.14571201797842537
14:55:28 46.6 925175808 709110242 83632870 51.121 0.14571201797842537
14:55:29 55.4 924987392 709110738 83633366 51.121 0.14571201797842537
14:55:30 54.4 924463104 709111234 83633862 51.608 0.14571162037666047
14:55:31 55.1 924356608 709111730 83634358 50.147 0.14571162037666047
14:55:32 56.9 925200384 709112226 83634854 51.608 0.14571162037666047
14:55:33 45.3 925171712 709113478 83635468 51.121 0.14571162037666047
14:55:34 54.9 924614656 709113974 83635964 50.634 0.14571162037666047
14:55:35 55.2 924971008 709114470 83636460 51.608 0.14571122277706536
14:55:36 55.4 925380608 709114966 83636956 50.634 0.14571122277706536
14:55:37 55.7 925450240 709115462 83637452 51.121 0.14571122277706536
14:55:38 50.8 926404608 709116726 83638066 51.121 0.14571122277706536
14:55:39 55.8 926662656 709117222 83638562 51.121 0.14571122277706536
14:55:40 54.3 927277056 709117788 83639128 51.121 0.1457108251796401
14:55:41 56.0 927428608 709118284 83639624 50.147 0.1457108251796401
14:55:42 54.7 927354880 709118780 83640120 51.608 0.1457106926476472
14:55:43 45.5 926892032 709120304 83640734 51.121 0.1458016481361913
14:55:44 56.3 926892032 709120949 83641379 50.634 0.1458016481361913
14:55:45 56.2 927408128 709121445 83641875 52.095 0.1458016481361913
14:55:46 56.3 927461376 709122011 83642441 51.121 0.14580125029347277
14:55:47 55.3 928243712 709122663 83643093 51.608 0.1458008524529254
14:55:48 53.7 927178752 709123919 83643707 51.121 0.1458008524529254
14:55:49 55.4 926883840 709124499 83644323 50.634 0.1458008524529254
14:55:50 56.4 926945280 709125207 83645117 51.608 0.1458008524529254
14:55:51 55.7 926687232 709125703 83645613 51.608 0.14580045461454913
14:55:52 54.8 926945280 709126199 83646109 51.121 0.14580045461454913
14:55:53 51.3 927133696 709127455 83646723 50.634 0.14580045461454913
14:55:54 55.1 927391744 709127951 83647219 52.095 0.14580045461454913
14:55:55 55.0 927649792 709128447 83647715 50.147 0.14580045461454913
14:55:56 55.6 927449088 709128943 83648211 51.121 0.14589101127415083
14:55:57 55.4 927793152 709129439 83648707 50.634 0.14589101127415083
14:55:58 52.6 927211520 709131007 83649321 51.121 0.14589101127415083
14:55:59 56.0 927207424 709131503 83649817 52.582 0.14589101127415083
14:56:00 56.0 927207424 709131999 83650313 49.66 0.14589101127415083
14:56:01 56.1 928301056 709133111 83650927 51.608 0.14589061319193586
14:56:02 55.7 927526912 709133607 83651423 50.634 0.14589061319193586
14:56:03 52.6 927715328 709134859 83652037 51.608 0.14589061319193586
14:56:04 56.1 927973376 709135355 83652533 52.582 0.14589061319193586
14:56:05 55.5 928231424 709135851 83653029 51.608 0.14589061319193586
14:56:06 55.2 929173504 709136389 83653585 50.634 0.14589021511189332
14:56:07 52.8 929067008 709136885 83654081 50.634 0.14589021511189332
14:56:08 32.5 928223232 709138137 83654695 50.147 0.14589021511189332
14:56:09 10.5 928296960 709346750 83661250 49.173 0.14598116911133965
14:56:10 4.0 928686080 709346998 83661498 48.686 0.14598116911133965
14:56:11 5.0 928944128 709347316 83661816 47.225 0.14598116911133965
14:56:12 5.7 929067008 709347564 83662064 48.686 0.1459805052358
14:56:13 7.3 929005568 709347812 83662312 48.199 0.1460714588216167
14:56:14 7.1 928747520 709348060 83662560 46.738 0.1460714588216167
14:56:15 5.9 928550912 709348308 83662808 46.251 0.1460714588216167
14:56:16 6.7 928231424 709348556 83663056 47.712 0.1460714588216167
14:56:17 6.9 927965184 709348874 83663374 46.738 0.14607066168258895
14:56:18 6.4 927449088 709349122 83663622 46.251 0.14607066168258895
14:56:19 7.4 927965184 709349370 83663870 46.251 0.14607066168258895
14:56:20 5.9 928739328 709349732 83664286 46.251 0.14607066168258895
14:56:21 7.4 928239616 709349980 83664534 46.251 0.14607066168258895
14:56:22 7.6 927956992 709350228 83664782 45.764 0.14607026311633767
14:56:23 5.7 927760384 709350476 83665514 45.764 0.14607026311633767
14:56:24 6.9 927698944 709350724 83665762 46.251 0.14607026311633767
14:56:25 6.2 927805440 709350972 83666010 46.251 0.14607026311633767
14:56:26 5.7 927440896 709351220 83666258 45.277 0.14607026311633767
14:56:27 6.6 927166464 709351468 83666506 45.277 0.14606986455226142
14:56:28 5.7 927940608 709351716 83666754 45.277 0.14606986455226142
14:56:29 6.4 928714752 709351964 83667002 45.277 0.14606986455226142
14:56:30 6.6 928722944 709352212 83667250 45.764 0.14606986455226142
14:56:31 7.1 928980992 709352460 83667498 45.764 0.14606986455226142
14:56:32 6.6 928980992 709352708 83667746 45.277 0.14606986455226142
14:56:33 5.9 928198656 709352956 83667994 45.277 0.1460694659903602
14:56:34 6.9 927940608 709353204 83668242 45.277 0.1460694659903602
14:56:35 6.9 927166464 709353452 83668490 45.277 0.1460694659903602
14:56:36 5.4 927682560 709353700 83668738 45.764 0.1460694659903602
14:56:37 8.0 928305152 709353948 83668986 45.764 0.1460694659903602
14:56:38 6.7 927940608 709354196 83669234 46.251 0.14606906743063397
14:56:39 6.6 927674368 709354444 83669482 44.303 0.14606866887308273
14:56:40 5.9 928038912 709354692 83669730 44.79 0.14606866887308273
14:56:41 5.9 927956992 709354940 83669978 45.764 0.14606866887308273
14:56:42 6.4 927698944 709355258 83670296 45.277 0.14606866887308273
14:56:43 6.4 927440896 709355506 83670544 44.79 0.14606840316925687
14:56:44 6.6 927956992 709355754 83670792 43.816 0.1461593548524258
14:56:45 7.1 927944704 709356002 83671040 46.251 0.14615895605033388
14:56:46 6.6 928051200 709356406 83671444 43.816 0.14615895605033388
14:56:47 6.4 928567296 709356696 83671752 44.79 0.14615895605033388
14:56:48 5.9 928718848 709357014 83672070 44.79 0.14615895605033388
14:56:49 6.6 928718848 709357360 83672432 45.764 0.14615895605033388
14:56:50 6.4 928194560 709357722 83672864 45.277 0.1461585572504183
14:56:51 5.9 928194560 709357970 83673112 45.277 0.1461585572504183
14:56:52 6.6 928194560 709358218 83673360 44.79 0.1461585572504183
14:56:53 6.4 927993856 709358466 83673608 44.79 0.1461585572504183
14:56:54 6.4 927907840 709358714 83673856 44.79 0.1461585572504183
14:56:55 6.6 928681984 709358962 83674104 44.79 0.1461585572504183
14:56:56 7.4 928518144 709359210 83674352 44.79 0.1462491093913552
14:56:57 6.9 928641024 709359458 83674600 44.303 0.1462491093913552
14:56:58 6.4 928899072 709359706 83674848 44.79 0.1462491093913552
14:56:59 6.9 928899072 709359954 83675096 45.277 0.1462491093913552
14:57:00 5.9 928641024 709360202 83675344 45.764 0.1462491093913552
14:57:01 6.4 927858688 709360950 83675710 45.277 0.1462487103476306
14:57:02 7.4 927084544 709361198 83675958 45.277 0.1462487103476306
14:57:03 6.6 927084544 709361446 83676206 44.303 0.1462487103476306
14:57:04 5.9 927858688 709361694 83676454 44.303 0.1462487103476306
14:57:05 6.7 928616448 709361942 83676702 44.79 0.1462487103476306
14:57:06 7.3 929124352 709362190 83676950 44.79 0.1462483113060836
14:57:08 6.4 929488896 709362438 83677198 44.303 0.1462483113060836
14:57:09 6.4 929140736 709362686 83677446 44.303 0.1462483113060836
14:57:10 6.4 929656832 709362934 83677694 44.303 0.1462483113060836
14:57:11 6.4 930021376 709363182 83677942 44.303 0.1462483113060836
14:57:12 5.5 929390592 709363430 83678190 44.303 0.14624791226671416
14:57:13 5.7 929497088 709363678 83678438 44.303 0.14624791226671416
14:57:14 6.9 928874496 709363996 83678756 44.79 0.14624764624167763
14:57:15 6.1 928935936 709364244 83679004 44.79 0.1463385962704349
14:57:16 6.4 928874496 709364492 83679252 44.303 0.1463385962704349
14:57:17 5.9 928608256 709364740 83679500 43.329 0.14633779770482033
14:57:18 6.6 928972800 709364988 83679748 45.277 0.14633779770482033
14:57:19 7.6 928866304 709365236 83679996 43.816 0.14633779770482033
14:57:20 6.6 928608256 709365668 83680482 43.816 0.14633779770482033
14:57:21 18.1 928944128 709370975 83882052 44.79 0.14633779770482033
14:57:22 29.3 929087488 709371223 83882300 46.251 0.14633739842528137
14:57:23 24.1 928952320 709384380 83883423 45.764 0.14633739842528137
14:57:24 4.3 929468416 709384628 83883671 44.79 0.14633739842528137
14:57:25 4.0 929468416 709384918 83883979 44.79 0.14633739842528137
14:57:26 4.3 930119680 709385166 83884227 44.303 0.14633739842528137
14:57:27 5.2 929959936 709385414 83884475 44.303 0.14633699914792123
14:57:28 6.9 930217984 709385662 83884723 44.79 0.14633699914792123
14:57:29 6.2 930361344 709385910 83884971 44.303 0.14633699914792123
14:57:30 6.2 929845248 709386158 83885219 44.79 0.14633699914792123
14:57:31 6.4 929587200 709386406 83885467 44.79 0.14633699914792123
14:57:32 6.7 930467840 709386654 83885715 43.329 0.14633659987273992
14:57:33 5.9 930361344 709386902 83885963 44.303 0.14633659987273992
14:57:34 6.4 930574336 709387398 83886459 43.329 0.14633659987273992
14:57:35 7.8 930467840 709387646 83886707 43.329 0.14633659987273992
14:57:36 5.7 930467840 709387894 83886955 44.303 0.14633659987273992
14:57:37 6.2 930443264 709388142 83887203 44.79 0.1463362005997374
14:57:38 7.6 930414592 709388390 83887451 44.303 0.1463362005997374
14:57:39 7.1 930095104 709388638 83887699 44.303 0.1463362005997374
14:57:40 6.2 930353152 709388886 83887947 43.816 0.1463362005997374
14:57:41 6.6 930824192 709389134 83888195 45.277 0.1463362005997374
14:57:42 6.4 930603008 709389382 83888443 44.303 0.14633580132891372
14:57:43 6.2 930967552 709389630 83888691 44.303 0.14633580132891372
14:57:44 5.7 930603008 709389878 83888939 43.816 0.14633580132891372
14:57:45 7.4 930709504 709390196 83889257 44.303 0.1463356682391233
14:57:46 6.4 930344960 709390600 83889661 42.842 0.1464266164480973
14:57:47 6.6 930709504 709390848 83889909 44.303 0.1464266164480973
14:57:48 6.6 930701312 709391096 83890157 44.303 0.14642621693203198
14:57:49 7.1 930336768 709391344 83890405 44.303 0.14642621693203198
14:57:50 7.1 930336768 709391820 83891021 44.303 0.14642581741814678
14:57:51 6.2 930336768 709392068 83891269 43.816 0.14642581741814678
14:57:52 6.6 930594816 709392316 83891517 45.277 0.14642581741814678
14:57:53 7.4 931110912 709392564 83891765 43.816 0.14642581741814678
14:57:54 6.7 930586624 709392812 83892013 44.303 0.14642541790644167
14:57:55 7.8 930844672 709393060 83892261 43.816 0.14642541790644167
14:57:56 6.7 930586624 709393308 83892509 42.842 0.14642541790644167
14:57:57 6.9 931024896 709393556 83892757 43.329 0.14651636537097984
14:57:58 6.4 930918400 709393804 83893005 43.816 0.14651636537097984
14:57:59 7.1 930811904 709394052 83893253 42.842 0.14651636537097984
14:58:00 6.2 930971648 709394300 83893501 43.329 0.1465159656133122
14:58:01 5.9 930803712 709395192 83893867 43.329 0.1465159656133122
14:58:02 7.4 930865152 709395440 83894115 43.816 0.1465159656133122
14:58:03 5.9 930652160 709395688 83894363 44.303 0.1465159656133122
14:58:04 6.6 930803712 709395936 83894611 43.816 0.1465159656133122
14:58:05 6.6 931061760 709396184 83894859 42.842 0.1465159656133122
14:58:06 5.9 931569664 709396474 83895167 43.816 0.14651556585782602
14:58:07 6.4 931827712 709396722 83895415 44.303 0.14651556585782602
14:58:08 6.7 931827712 709396970 83895663 42.842 0.14651556585782602
14:58:09 7.1 931631104 709397218 83895911 43.329 0.14651556585782602
14:58:10 6.4 930795520 709397466 83896159 43.329 0.14651556585782602
14:58:11 6.2 930795520 709397714 83896407 42.842 0.14651556585782602
14:58:12 7.4 930635776 709397962 83896655 45.277 0.1465151661045212
14:58:13 6.6 930787328 709398210 83896903 43.329 0.1465151661045212
14:58:14 6.9 930529280 709398458 83897151 43.816 0.1465151661045212
14:58:15 8.1 930271232 709398776 83897469 43.816 0.14651489960352987
14:58:16 5.9 930074624 709399024 83897717 43.816 0.1466058461582186
14:58:17 7.1 929603584 709399272 83897965 43.816 0.1466058461582186
14:58:18 5.7 929595392 709399520 83898213 43.329 0.14660504616478767
14:58:19 6.1 929230848 709399768 83898461 43.816 0.14660504616478767
14:58:20 6.6 929488896 709400146 83898947 43.816 0.14660504616478767
14:58:21 6.9 929853440 709400394 83899195 42.842 0.14660504616478767
14:58:22 6.4 929488896 709400642 83899443 44.303 0.14660504616478767
14:58:23 5.9 929746944 709400890 83899691 43.816 0.14660504616478767
14:58:24 6.4 929738752 709401138 83899939 42.842 0.14660464617134622
14:58:25 6.2 928964608 709401386 83900187 43.329 0.14660424618008747
14:58:26 5.9 928448512 709401634 83900435 43.329 0.14660424618008747
14:58:27 6.9 928448512 709401882 83900683 43.329 0.14660424618008747
14:58:28 6.6 928706560 709402130 83900931 43.329 0.14660424618008747
14:58:29 6.2 928509952 709402378 83901677 43.816 0.14660424618008747
14:58:30 7.4 928698368 709402626 83901925 43.329 0.1466038461910113
14:58:31 6.6 928698368 709402874 83902173 43.329 0.1466038461910113
14:58:32 5.7 929214464 709403122 83902421 42.842 0.1466038461910113
14:58:33 6.7 929312768 709403370 83902669 43.329 0.1466038461910113
14:58:34 6.4 928948224 709403618 83902917 43.329 0.1466038461910113
14:58:35 6.6 928948224 709403866 83903165 43.816 0.1466038461910113
14:58:36 5.2 928948224 709404114 83903413 42.842 0.14660344620411778
14:58:37 7.4 929206272 709404362 83903661 43.329 0.14660344620411778
14:58:38 6.4 929722368 709404610 83903909 43.816 0.14660344620411778
14:58:39 5.9 929722368 709404858 83904157 44.303 0.14660344620411778
14:58:40 6.4 929980416 709405106 83904405 43.816 0.14660344620411778
14:58:41 7.1 929722368 709405354 83904653 43.329 0.14660344620411778
14:58:42 6.2 930230272 709405602 83904901 44.303 0.14660304621940687
14:58:43 6.4 930488320 709405850 83905149 44.303 0.14660304621940687
14:58:44 5.9 930488320 709406098 83905397 43.329 0.14660304621940687
14:58:45 6.7 930230272 709406346 83905645 42.842 0.14660304621940687
14:58:46 7.3 929820672 709406820 83906119 42.842 0.14660291289165492
14:58:47 5.7 929456128 709407068 83906367 43.329 0.14669385762669937
14:58:48 6.2 929447936 709407316 83906615 43.329 0.14669345739677092
14:58:49 6.4 929447936 709407662 83906977 43.329 0.14669345739677092
14:58:50 6.1 930193408 709408024 83907409 43.329 0.14669345739677092
14:58:51 7.4 929935360 709409277 83908102 43.329 0.14669345739677092
14:58:52 6.2 929783808 709409525 83908350 43.329 0.14669345739677092
14:58:53 6.6 929677312 709409773 83908598 42.842 0.14669345739677092
14:58:54 7.4 930185216 709410021 83908846 42.355 0.14669305716902634
14:58:55 5.9 930701312 709410269 83909094 42.842 0.14669305716902634
14:58:56 6.9 930029568 709410517 83909342 42.842 0.1467840014078168
14:58:57 6.9 930181120 709410765 83909590 42.355 0.1467840014078168
14:58:58 6.7 930439168 709411013 83909838 43.816 0.1467840014078168
14:58:59 6.4 930181120 709411261 83910086 42.842 0.1467840014078168
14:59:00 5.9 930537472 709411509 83910334 43.329 0.1467836009341312
14:59:01 6.9 930689024 709412293 83910700 43.329 0.1467836009341312
14:59:02 5.4 930689024 709412541 83910948 43.329 0.1467836009341312
14:59:03 5.7 930172928 709412789 83911196 43.329 0.1467836009341312
14:59:04 7.8 929914880 709413037 83911444 43.329 0.1467836009341312
14:59:05 7.4 929398784 709413285 83911692 42.842 0.1467836009341312
14:59:06 6.9 929132544 709413533 83911940 43.329 0.1467832004626308
14:59:08 7.4 929648640 709413781 83912188 42.842 0.1467832004626308
14:59:09 6.1 930164736 709414029 83912436 43.816 0.1467832004626308
14:59:10 5.7 929906688 709414277 83912684 43.329 0.1467832004626308
14:59:11 7.1 929906688 709414525 83912932 43.816 0.1467832004626308
14:59:12 7.1 929906688 709414773 83913180 42.842 0.1467832004626308
14:59:13 6.2 929746944 709415021 83913428 42.842 0.14678279999331564
14:59:14 7.1 929124352 709415269 83913676 43.816 0.14678279999331564
14:59:15 5.7 929124352 709415517 83913924 43.329 0.14678279999331564
14:59:16 5.7 928866304 709415765 83914172 42.842 0.14678279999331564
14:59:17 6.2 929488896 709416013 83914420 43.329 0.14678279999331564
14:59:18 6.9 929382400 709416331 83915130 41.868 0.14678279999331564
14:59:19 4.9 929374208 709416579 83915378 42.842 0.1467823995261857
14:59:20 5.9 929374208 709416941 83915794 42.355 0.1467823995261857
14:59:21 7.8 929116160 709417189 83916042 42.355 0.1467823995261857
14:59:22 7.6 928964608 709417507 83916360 42.842 0.14678213254931302
14:59:23 5.4 929116160 709417797 83916668 43.816 0.1468730756301986
14:59:24 6.4 928858112 709418045 83917268 43.329 0.1468730756301986
14:59:25 7.1 929366016 709418293 83917516 42.355 0.14687227420917182
14:59:26 7.1 929624064 709418541 83919102 42.842 0.14687227420917182
14:59:27 6.6 930217984 709418789 83920858 43.329 0.14687227420917182
14:59:28 5.7 930627584 709419037 83921106 42.842 0.14687227420917182
14:59:29 5.9 930459648 709419285 83921354 42.842 0.14687227420917182
14:59:30 6.6 930369536 709419533 83921602 42.842 0.14687227420917182
14:59:31 5.4 929906688 709419781 83921850 43.816 0.14687187350193814
14:59:32 6.6 929845248 709420029 83922098 42.842 0.14687187350193814
14:59:33 6.9 929587200 709420277 83922346 42.355 0.14687187350193814
14:59:34 6.9 929845248 709420525 83922594 42.842 0.14687187350193814
14:59:35 7.1 929329152 709420773 83922842 43.329 0.14687187350193814
14:59:36 7.4 929177600 709421021 83923090 42.842 0.14687187350193814
14:59:37 5.9 928804864 709421269 83923338 41.381 0.14687147279689097
14:59:38 6.4 928804864 709421517 83923586 42.842 0.14687107209403022
14:59:39 5.2 929312768 709421765 83923834 43.329 0.14687107209403022
14:59:40 6.4 929935360 709422013 83924082 42.355 0.14687107209403022
14:59:41 6.4 929828864 709422261 83924330 42.842 0.14687107209403022
14:59:42 6.9 930095104 709422509 83924578 43.329 0.14687107209403022
14:59:43 6.4 930193408 709422757 83924826 41.868 0.1468706713933559
14:59:44 6.2 929828864 709423005 83925074 43.329 0.1468706713933559
14:59:45 5.7 929677312 709423253 83925322 42.355 0.1468706713933559
14:59:46 5.9 930086912 709423501 83925570 43.329 0.1468706713933559
14:59:47 5.9 930058240 709423905 83927622 43.329 0.1468706713933559
14:59:48 6.6 930316288 709424153 83927870 42.842 0.1468706713933559
14:59:49 6.2 930369536 709424471 83928188 42.842 0.14687027069486802
14:59:50 7.8 930566144 709424931 83928734 42.842 0.14687027069486802
14:59:51 6.2 930156544 709425179 83929862 42.842 0.14687027069486802
14:59:52 6.4 930050048 709425427 83930878 43.816 0.14687027069486802
14:59:53 7.4 929611776 709425745 83931196 42.355 0.14687013712919128
14:59:54 6.7 928473088 709426035 83931504 43.816 0.14696107839057157
14:59:55 7.2 928571392 709426283 83931752 41.868 0.14696067744689015
14:59:56 6.2 928722944 709426531 83932000 42.842 0.14696067744689015
14:59:57 6.4 928948224 709426779 83932248 42.842 0.14705161846016174
14:59:58 6.4 928862208 709427027 83932496 41.868 0.14705161846016174
14:59:59 5.9 929288192 709427275 83932744 42.842 0.14705161846016174
15:00:00 6.4 929378304 709427523 83932992 43.816 0.14705161846016174
15:00:01 7.2 929431552 709428431 83933358 42.355 0.14705121727056072
15:00:02 5.4 929628160 709428679 83933606 42.355 0.14705121727056072
15:00:03 6.1 929734656 709428927 83933854 42.842 0.14705121727056072
15:00:04 5.7 930144256 709429175 83934102 42.842 0.14705121727056072
15:00:05 5.9 930660352 709429423 83934350 42.355 0.14705121727056072
15:00:06 5.4 930402304 709429671 83934598 41.868 0.14705121727056072
15:00:07 6.4 930910208 709429919 83934846 42.355 0.14705081608314874
15:00:08 6.7 931168256 709430167 83935094 42.842 0.14705081608314874
15:00:09 6.4 930865152 709430415 83935342 42.842 0.14705081608314874
15:00:10 5.9 930136064 709430911 83935838 43.329 0.14705081608314874
15:00:11 6.2 929726464 709431159 83936086 42.355 0.14705081608314874
15:00:12 6.6 929869824 709431407 83936334 42.842 0.1470504148979258
15:00:13 6.4 930234368 709431655 83936582 42.355 0.1470504148979258
15:00:14 5.7 930127872 709431903 83936830 42.355 0.1470504148979258
15:00:15 6.4 930385920 709432151 83937078 42.355 0.1470504148979258
15:00:16 6.4 930385920 709432399 83937326 42.355 0.1470504148979258
15:00:17 6.4 930287616 709432647 83937574 43.329 0.1470500137148919
15:00:18 7.1 930635776 709432895 83937822 42.355 0.1470500137148919
15:00:19 6.4 930226176 709433213 83938140 42.355 0.1470500137148919
15:00:20 5.7 930119680 709433575 83938556 42.842 0.1470500137148919
15:00:21 6.1 929361920 709433823 83938804 43.816 0.1470500137148919
15:00:22 8.1 929595392 709434071 83939052 42.842 0.147049612534047
15:00:23 5.4 929701888 709434319 83939300 42.355 0.1470493450813665
15:00:24 6.2 928546816 709434637 83939618 43.816 0.1471402846887143
15:00:25 5.9 928030720 709434927 83939926 42.355 0.1471402846887143
15:00:26 6.7 928546816 709435175 83940174 42.842 0.1471402846887143
15:00:27 6.9 928661504 709435423 83940422 42.842 0.14713948184031206
15:00:28 7.1 929329152 709435671 83940670 42.842 0.14713948184031206
15:00:29 6.1 930209792 709435919 83940918 43.329 0.14713948184031206
15:00:30 5.7 930619392 709436167 83941166 42.355 0.14713948184031206
15:00:31 5.9 930619392 709436415 83941414 43.329 0.14713948184031206
15:00:32 6.4 930619392 709436663 83941662 43.816 0.14713948184031206
15:00:33 6.4 930611200 709436911 83941910 42.842 0.14713908041939638
15:00:34 6.2 930611200 709437159 83942158 42.355 0.14713908041939638
15:00:35 6.4 930689024 709437477 83942752 42.355 0.14713908041939638
15:00:36 5.7 930840576 709437725 83943000 42.842 0.14713908041939638
15:00:37 5.2 930840576 709437973 83943248 42.842 0.14713908041939638
15:00:38 6.9 930582528 709438221 83943496 41.868 0.14713908041939638
15:00:39 6.4 930574336 709438469 83943744 43.329 0.147138679000671
15:00:40 6.2 930574336 709438717 83943992 43.329 0.147138679000671
15:00:41 5.9 930058240 709438965 83944240 43.816 0.147138679000671
15:00:42 6.9 930164736 709439213 83944488 43.816 0.147138679000671
15:00:43 5.7 930316288 709439461 83944736 43.329 0.147138679000671
15:00:44 6.2 929525760 709439709 83944984 42.355 0.1471382775841359
15:00:45 6.6 929267712 709439957 83945232 43.329 0.1471382775841359
15:00:46 6.9 929792000 709440361 83945636 42.842 0.1471382775841359
15:00:47 6.4 929124352 709440609 83945884 43.329 0.1471382775841359
15:00:48 5.4 928608256 709440857 83946132 41.868 0.1471382775841359
15:00:49 6.9 928493568 709441203 83946380 42.355 0.14713787616979102
15:00:50 7.6 929116160 709441635 83946942 42.355 0.14713787616979102
15:00:51 5.7 928235520 709441883 83947190 42.355 0.14713787616979102
15:00:52 6.7 928858112 709442280 83947587 42.355 0.14713787616979102
15:00:53 6.6 929267712 709442528 83947835 43.329 0.14713787616979102
15:00:54 6.2 929755136 709442776 83948083 41.868 0.14713734095407155
15:00:55 6.2 930004992 709443136 83948461 43.816 0.1472278770847289
15:00:56 6.2 930521088 709443384 83948709 43.329 0.1472278770847289
15:00:57 6.2 930746368 709443674 83949017 42.842 0.14731881462462065
15:00:58 6.9 930230272 709443964 83949325 42.842 0.14731881462462065
15:00:59 6.6 929972224 709444212 83949573 42.842 0.14731881462462065
15:01:00 7.1 929812480 709444460 83949821 42.842 0.14731841272139962
15:01:01 6.2 929964032 709445052 83950187 41.868 0.14731841272139962
15:01:02 5.4 930070528 709445300 83950435 43.329 0.14731841272139962
15:01:03 6.9 929447936 709445548 83950683 42.842 0.14731841272139962
15:01:04 6.6 929705984 709445796 83950931 43.329 0.14731841272139962
15:01:05 5.4 929697792 709446044 83951179 42.355 0.1473180108203715
15:01:06 5.5 929288192 709446292 83951427 42.842 0.1473180108203715
15:01:07 6.6 929181696 709446540 83951675 42.842 0.1473180108203715
15:01:08 5.9 929439744 709446788 83951923 42.355 0.1473180108203715
15:01:09 6.6 929181696 709447036 83952171 42.842 0.1473180108203715
15:01:10 7.1 929280000 709447284 83952419 42.842 0.14731760892153622
15:01:11 7.6 929173504 709447532 83952667 43.816 0.14731760892153622
15:01:13 5.7 929538048 709447780 83952915 42.842 0.14731760892153622
15:01:14 6.2 929796096 709448028 83953163 42.355 0.14731760892153622
15:01:15 6.6 930205696 709448276 83953411 43.329 0.14731760892153622
15:01:16 6.9 930713600 709448524 83953659 41.868 0.1473172070248938
15:01:17 6.4 930775040 709448772 83953907 42.842 0.1473172070248938
15:01:18 7.1 930455552 709449020 83954155 43.329 0.1473172070248938
15:01:19 5.9 930562048 709449268 83954403 42.355 0.1473172070248938
15:01:20 7.1 930713600 709449630 83954819 42.842 0.1473172070248938
15:01:21 5.7 930447360 709449948 83955137 42.842 0.14731680513044412
15:01:22 6.4 930447360 709450196 83955385 42.842 0.14731680513044412
15:01:23 6.6 930037760 709450444 83955633 41.868 0.14731680513044412
15:01:24 5.9 929931264 709450692 83955881 41.868 0.14731680513044412
15:01:25 6.9 929779712 709450982 83956189 42.842 0.14731680513044412
15:01:26 6.6 929665024 709451300 83956507 42.355 0.1473161353112343
15:01:27 6.4 929923072 709451548 83956755 41.868 0.1474070711972289
15:01:28 6.2 929923072 709451796 83957003 42.842 0.1474070711972289
15:01:29 7.4 929923072 709452044 83957251 43.329 0.1474070711972289
15:01:30 6.9 929665024 709452292 83957499 41.868 0.1474070711972289
15:01:31 6.6 929398784 709452540 83957747 43.816 0.14740626692605988
15:01:32 6.9 929140736 709452788 83957995 42.842 0.14740626692605988
15:01:33 6.6 929398784 709453036 83958243 42.842 0.14740626692605988
15:01:34 5.7 929398784 709453284 83958491 42.355 0.14740626692605988
15:01:35 6.2 929914880 709453532 83958739 42.842 0.14740626692605988
15:01:36 6.4 930422784 709453780 83958987 42.842 0.14740586479376647
15:01:37 6.4 929710080 709454028 83959235 41.868 0.14740586479376647
15:01:38 6.4 930164736 709454276 83959483 42.355 0.14740586479376647
15:01:39 7.4 930271232 709454524 83959731 43.329 0.14740586479376647
15:01:40 6.2 929648640 709454772 83959979 43.816 0.14740586479376647
15:01:41 6.9 929906688 709455020 83960227 42.842 0.14740586479376647
15:01:42 5.7 930414592 709455268 83960475 42.842 0.1474054626636672
15:01:43 5.9 930476032 709455516 83960723 41.868 0.1474054626636672
15:01:44 5.4 930414592 709455764 83961363 42.355 0.1474054626636672
15:01:45 6.4 930521088 709456012 83961611 42.842 0.1474054626636672
15:01:46 5.7 930521088 709456260 83961859 43.329 0.1474054626636672
15:01:47 12.7 930414592 709456664 83962263 43.329 0.14740541239755905
15:01:48 4.7 930144256 709456912 83962511 42.355 0.14740501026992806
15:01:49 5.2 929984512 709457160 83962759 43.816 0.14740501026992806
15:01:50 4.5 929632256 709457620 83963657 42.355 0.14740501026992806
15:01:51 3.3 929591296 709457868 83963905 43.329 0.14740501026992806
15:01:52 4.1 929083392 709458186 83964223 43.329 0.14740501026992806
15:01:53 6.4 929955840 709458434 83964471 42.842 0.14740460814449105
15:01:54 6.2 929849344 709458682 83964719 42.842 0.14740460814449105
15:01:55 6.4 930365440 709458972 83965027 42.842 0.14740460814449105
15:01:56 7.8 930365440 709459220 83965275 43.816 0.14740460814449105
15:01:57 5.7 930443264 709459538 83965593 43.816 0.1474044741031663
15:01:58 6.4 929816576 709459786 83965841 42.842 0.14758634267084447
15:01:59 6.6 930172928 709460034 83966089 42.355 0.14758594005219158
15:02:00 5.9 929550336 709460282 83966337 42.842 0.14758594005219158
15:02:01 6.4 930066432 709460998 83966703 43.329 0.14758594005219158
15:02:02 6.9 930066432 709461246 83966951 43.329 0.14758553743573538
15:02:03 6.9 930430976 709461494 83967199 43.329 0.14758553743573538
15:02:04 6.4 930582528 709461742 83967447 42.355 0.14758553743573538
15:02:05 6.7 930832384 709461990 83967695 41.868 0.14758513482147587
15:02:06 6.9 931090432 709462238 83967943 42.842 0.14758513482147587
15:02:07 6.9 931090432 709462486 83968191 43.329 0.14758513482147587
15:02:08 6.9 931606528 709462734 83968439 42.842 0.14758513482147587
15:02:09 6.9 931090432 709462982 83968687 44.303 0.14758513482147587
15:02:10 5.9 931082240 709463230 83968935 42.842 0.147584732209413
15:02:11 6.6 930627584 709463478 83969183 42.842 0.147584732209413
15:02:12 6.2 929898496 709463726 83969431 42.842 0.147584732209413
15:02:13 7.1 929792000 709463974 83969679 41.868 0.147584732209413
15:02:14 7.1 930156544 709464222 83969927 41.381 0.147584732209413
15:02:15 6.4 930566144 709464470 83970175 42.842 0.147584732209413
15:02:16 6.2 930922496 709464718 83970423 42.842 0.1475843295995468
15:02:17 6.4 930664448 709464966 83970671 42.355 0.1475843295995468
15:02:18 5.9 930299904 709465214 83970919 42.842 0.1475843295995468
15:02:19 6.2 929587200 709465462 83971167 42.355 0.1475843295995468
15:02:20 6.4 929267712 709465824 83971583 42.842 0.1475843295995468
15:02:21 6.4 929177600 709466072 83971831 41.868 0.1475843295995468
15:02:22 11.5 929718272 709470785 84173401 43.816 0.1475839269918772
15:02:23 15.2 929558528 709482272 84174540 43.816 0.1475839269918772
15:02:24 8.2 929988608 709486985 84376121 43.329 0.14767485978731273
15:02:25 29.7 930353152 709487275 84376429 43.329 0.14767485978731273
15:02:26 29.8 931278848 709487523 84376677 44.303 0.14767485978731273
15:02:27 30.3 930877440 709487771 84376925 44.79 0.14767418836597465
15:02:28 31.7 933236736 709488089 84377243 45.277 0.1477651207479734
15:02:29 52.3 935043072 709488337 84377491 45.764 0.1477651207479734
15:02:30 58.4 935301120 709488585 84377739 46.738 0.1477651207479734
15:02:31 57.3 936333312 709488833 84377987 46.251 0.1477651207479734
15:02:32 54.0 936841216 709489329 84378483 46.738 0.14776431455430758
15:02:33 50.7 937037824 709489577 84378731 46.251 0.14776431455430758
15:02:34 50.1 937541632 709500811 84379307 47.225 0.16174517497732135
15:02:35 55.4 937799680 709501059 84379555 47.225 0.16174517497732135
15:02:36 55.1 938315776 709501307 84379803 47.712 0.16174517497732135
15:02:37 55.2 938377216 709501555 84380051 47.712 0.16174414558245961
15:02:38 55.4 938377216 709501803 84380299 48.199 0.16174414558245961
15:02:39 46.0 938508288 709511211 84380875 47.712 0.16174414558245961
15:02:40 55.0 939024384 709511459 84381303 47.712 0.16174414558245961
15:02:41 56.4 939540480 709511707 84381869 48.686 0.16174414558245961
15:02:42 55.0 941150208 709511955 84382117 47.712 0.1617437044172442
15:02:43 56.1 940617728 709512203 84382365 47.225 0.1617426750411005
15:02:44 49.6 941305856 709524459 84382941 47.225 0.17571940529026314
15:02:45 55.1 941047808 709524707 84383189 49.66 0.17571940529026314
15:02:46 55.4 941572096 709525111 84383593 48.199 0.17571940529026314
15:02:47 54.5 941125632 709525359 84383841 48.686 0.17571940529026314
15:02:48 54.3 941117440 709525607 84384089 48.199 0.17571828713304433
15:02:49 52.2 940244992 709537059 84385011 49.173 0.17571828713304433
15:02:50 54.9 940093440 709537307 84385329 48.686 0.17571828713304433
15:02:51 53.6 939728896 709538469 84385952 48.686 0.17571828713304433
15:02:52 55.1 940572672 709538965 84386448 49.66 0.17571828713304433
15:02:53 55.6 940564480 709539283 84386766 48.686 0.17571780792716393
15:02:54 46.4 940236800 709550081 84387460 48.686 0.17571780792716393
15:02:56 54.5 940752896 709550329 84387708 49.173 0.17571780792716393
15:02:57 56.2 942649344 709550825 84388204 49.173 0.17571780792716393
15:02:58 55.6 942596096 709551321 84388700 49.173 0.17580871212164254
15:02:59 56.2 942587904 709551569 84388948 48.199 0.17580775322191114
15:03:00 54.0 941973504 709562601 84389960 49.173 0.17589865692057813
15:03:01 54.5 941641728 709563395 84390326 49.173 0.17589865692057813
15:03:02 54.1 941449216 709563961 84390822 48.686 0.17589865692057813
15:03:03 53.9 941002752 709564209 84391070 50.147 0.17589865692057813
15:03:04 54.9 941252608 709564457 84391318 50.147 0.17589769753550055
15:03:05 52.3 940924928 709576961 84392260 50.147 0.18987021066822451
15:03:06 55.7 941182976 709577209 84392508 48.686 0.18987021066822451
15:03:07 55.6 941244416 709577457 84392756 49.173 0.18987021066822451
15:03:08 54.5 941510656 709577705 84393004 50.147 0.18987021066822451
15:03:09 52.8 942018560 709578201 84393500 49.66 0.18986900265830237
15:03:10 53.1 941920256 709588299 84394442 50.634 0.18986900265830237
15:03:11 55.9 941920256 709588795 84394938 50.634 0.18986900265830237
15:03:12 55.9 941768704 709589291 84395434 49.66 0.18986900265830237
15:03:13 55.1 942567424 709589539 84395682 50.147 0.18986900265830237
15:03:14 51.5 942239744 709590035 84396178 49.173 0.18986848494446984
15:03:15 54.5 941744128 709597377 84397050 49.66 0.18986848494446984
15:03:16 55.7 941895680 709597873 84397546 49.66 0.18986848494446984
15:03:17 55.2 942002176 709598121 84397794 50.634 0.18986848494446984
15:03:18 54.5 942497792 709598617 84398290 50.147 0.18986848494446984
15:03:19 52.0 942833664 709599063 84398656 50.634 0.18986727695650663
15:03:20 55.8 942755840 709606163 84399638 50.634 0.18986675925208493
15:03:21 56.0 942649344 709606659 84400134 50.634 0.18986675925208493
15:03:22 56.4 942649344 709607155 84400630 50.147 0.18986675925208493
15:03:23 53.6 943554560 709607651 84401126 50.634 0.18986675925208493
15:03:24 52.8 942755840 709614595 84402014 50.634 0.18986675925208493
15:03:25 56.2 942641152 709615091 84402510 50.147 0.18986675925208493
15:03:26 54.4 942632960 709615587 84403006 51.121 0.18986624155048645
15:03:27 55.5 942891008 709616083 84403502 50.147 0.18986624155048645
15:03:28 53.5 942559232 709616579 84403998 50.634 0.18986624155048645
15:03:29 50.8 938807296 709624193 84404622 50.147 0.18986624155048645
15:03:30 55.0 939028480 709624759 84405188 49.66 0.18986624155048645
15:03:31 54.6 939020288 709625255 84405684 51.121 0.18986572385171113
15:03:32 55.9 939384832 709625751 84406180 50.634 0.18986572385171113
15:03:33 54.8 939089920 709626247 84406676 49.66 0.18986572385171113
15:03:34 46.7 939167744 709632199 84407478 50.147 0.1898655512860801
15:03:35 56.2 939278336 709632695 84407974 50.634 0.18995643953466124
15:03:36 55.2 939900928 709633191 84408470 49.66 0.18995643953466124
15:03:37 55.3 940044288 709633687 84408966 51.121 0.18995592159183064
15:03:38 53.5 939597824 709634183 84409462 50.147 0.18995592159183064
15:03:39 52.3 939012096 709641133 84410334 51.121 0.18995592159183064
15:03:40 53.9 939012096 709641629 84410830 50.147 0.18995592159183064
15:03:41 55.5 938754048 709642125 84411326 51.121 0.18995592159183064
15:03:42 54.5 939065344 709642621 84411822 50.147 0.18995540365182448
15:03:43 54.6 938557440 709643117 84412318 50.634 0.18995540365182448
15:03:44 53.4 939044864 709644945 84413110 50.634 0.18995540365182448
15:03:45 54.7 939520000 709645441 84413606 49.66 0.18995540365182448
15:03:46 55.2 940507136 709646093 84414258 50.634 0.18995540365182448
15:03:47 55.1 940285952 709646589 84414754 50.634 0.18995488571464275
15:03:48 54.0 940613632 709646837 84415002 49.66 0.18995488571464275
15:03:49 51.1 940564480 709657871 84415944 50.634 0.20392301906030472
15:03:50 55.0 941105152 709658579 84416738 50.634 0.20392301906030472
15:03:51 55.9 941015040 709659075 84417234 50.147 0.20392301906030472
15:03:52 55.3 941367296 709659571 84417730 51.121 0.20392172186631088
15:03:53 55.2 940814336 709660067 84418226 51.121 0.20392172186631088
15:03:54 51.8 941043712 709668925 84419114 49.66 0.20392172186631088
15:03:55 54.8 941002752 709669421 84419610 51.608 0.20392172186631088
15:03:56 54.0 941260800 709669917 84420106 51.608 0.20392172186631088
15:03:57 55.5 942063616 709670413 84420602 51.608 0.20401203989094213
15:03:58 54.9 941654016 709670909 84421098 50.634 0.20401203989094213
15:03:59 51.3 941326336 709678819 84421970 50.634 0.20401203989094213
15:04:00 54.6 941477888 709679315 84422466 50.147 0.20401203989094213
15:04:01 55.0 941842432 709680331 84423150 50.634 0.20401203989094213
15:04:02 54.6 941727744 709680827 84423646 49.66 0.20401148371100067
15:04:03 55.2 942936064 709681323 84424142 52.095 0.20401148371100067
15:04:04 52.2 942215168 709689923 84424766 50.634 0.21797553067932907
15:04:05 54.1 942321664 709690419 84425262 51.121 0.21797513457057013
15:04:06 55.3 942215168 709690915 84425758 50.634 0.21806599540198762
15:04:07 56.8 941432832 709691411 84426254 50.147 0.21806401405422574
15:04:08 56.2 942276608 709691907 84426750 51.121 0.21806401405422574
15:04:09 51.6 940650496 709700295 84427696 50.634 0.21806401405422574
15:04:10 55.3 940650496 709700791 84428192 51.121 0.21806401405422574
15:04:11 54.4 940908544 709701287 84428688 51.608 0.21806401405422574
15:04:12 55.8 941166592 709701783 84429184 50.634 0.21806341965691808
15:04:13 55.7 941236224 709702279 84429680 51.121 0.21806341965691808
15:04:14 50.1 940634112 709710415 84430612 50.147 0.23202335677565664
15:04:15 57.1 941150208 709710911 84431108 49.66 0.23202335677565664
15:04:16 54.6 941150208 709711407 84431604 51.608 0.23202335677565664
15:04:17 55.3 941408256 709711903 84432100 51.608 0.23202335677565664
15:04:18 55.9 942759936 709712399 84432596 50.634 0.2320218812804719
15:04:19 52.2 942403584 709718831 84433398 50.147 0.2320218812804719
15:04:20 54.6 942403584 709719441 84434062 50.634 0.2320218812804719
15:04:21 54.0 943177728 709719937 84434558 50.634 0.2320218812804719
15:04:22 54.9 943603712 709720433 84435054 50.147 0.2320218812804719
15:04:23 53.4 944013312 709720929 84435550 50.634 0.2320218812804719
15:04:24 53.7 942387200 709725899 84436352 50.147 0.23202124893113743
15:04:25 54.0 942129152 709726465 84436918 51.121 0.23201977346276112
15:04:26 54.9 942129152 709726961 84437414 50.147 0.23201977346276112
15:04:27 56.3 942972928 709727457 84437910 50.147 0.23201977346276112
15:04:28 52.7 943489024 709727705 84438158 49.66 0.23201977346276112
15:04:29 55.8 942637056 709732499 84438960 50.147 0.2320191411249158
15:04:30 56.0 943153152 709732995 84439456 50.147 0.2320191411249158
15:04:31 55.9 943517696 709733491 84439952 51.608 0.2320191411249158
15:04:32 55.6 943996928 709734057 84440518 51.608 0.2320191411249158
15:04:33 52.3 943480832 709734835 84441014 51.121 0.2320191411249158
15:04:34 55.2 942379008 709739351 84441816 51.121 0.2320191411249158
15:04:35 55.5 942370816 709739847 84442312 50.634 0.23201850879051722
15:04:36 54.2 942886912 709740343 84442808 50.634 0.23201850879051722
15:04:37 55.3 942182400 709740839 84443304 50.147 0.23201850879051722
15:04:38 52.3 942260224 709745351 84443988 51.608 0.23201850879051722
15:04:39 54.6 942370816 709745959 84444662 50.634 0.23201850879051722
15:04:40 55.8 942620672 709746455 84445158 51.121 0.23201766568334722
15:04:41 55.4 942878720 709746951 84445654 51.121 0.23210851050154743
15:04:42 56.1 944238592 709747447 84446150 50.634 0.23210851050154743
15:04:44 45.4 942768128 709752331 84446764 51.121 0.23210851050154743
15:04:45 54.8 943091712 709752897 84447448 51.608 0.23210851050154743
15:04:46 55.6 943644672 709753393 84447944 51.608 0.23210787792760823
15:04:47 55.4 944132096 709754045 84448988 51.121 0.23210787792760823
15:04:48 54.1 943943680 709754541 84449590 50.147 0.23210787792760823
15:04:49 46.6 943505408 709755275 84450086 50.147 0.23210787792760823
15:04:50 55.9 943357952 709759567 84451186 51.121 0.23210787792760823
15:04:51 55.9 943198208 709760063 84451682 51.121 0.23210724535711696
15:04:52 55.7 943349760 709761055 84452674 50.634 0.23210724535711696
15:04:53 55.5 943927296 709761551 84453170 52.095 0.23210724535711696
15:04:54 50.6 942837760 709766567 84453972 51.121 0.23210724535711696
15:04:55 54.7 942628864 709767133 84454468 50.634 0.23210724535711696
15:04:56 55.8 942276608 709767629 84454964 51.121 0.23219745686552964
15:04:57 55.5 943353856 709768195 84455530 51.608 0.23219745686552964
15:04:58 54.2 943636480 709768691 84456026 51.121 0.23219745686552964
15:04:59 51.8 942792704 709770465 84456510 50.634 0.23219745686552964
15:05:00 56.5 942792704 709770961 84457006 51.121 0.23219745686552964
15:05:01 55.1 942784512 709772053 84457620 50.634 0.2321968240543555
15:05:02 55.1 942784512 709772549 84458116 51.121 0.2321968240543555
15:05:03 56.4 944402432 709773115 84458682 49.66 0.2321968240543555
15:05:04 53.1 944074752 709774919 84459474 50.634 0.2321968240543555
15:05:05 55.4 943923200 709775415 84459970 51.608 0.2321968240543555
15:05:06 56.3 944324608 709775911 84460466 52.095 0.23219619124663057
15:05:07 56.0 944431104 709776407 84460962 50.634 0.23219619124663057
15:05:08 54.0 945168384 709776903 84461458 50.634 0.23219619124663057
15:05:09 46.7 945471488 709778221 84462002 50.147 0.23219619124663057
15:05:10 55.4 945328128 709778717 84462498 50.147 0.23219619124663057
15:05:11 55.7 945061888 709779213 84462994 51.608 0.2321955584423548
15:05:12 57.2 945274880 709779709 84463490 51.608 0.23219513657475382
15:05:13 55.1 944357376 709780205 84463986 51.121 0.23228597974242782
15:05:14 47.0 945205248 709782363 84464600 51.608 0.23228597974242782
15:05:15 55.1 945319936 709782859 84465096 51.121 0.23228597974242782
15:05:16 55.1 945577984 709783355 84465592 50.634 0.23228597974242782
15:05:17 55.2 945569792 709783851 84466088 51.608 0.2322847136536764
15:05:18 55.1 946778112 709784347 84466584 51.608 0.2322847136536764
15:05:19 51.9 946098176 709785599 84467198 50.634 0.2322847136536764
15:05:20 55.4 945799168 709786209 84467862 49.173 0.2322847136536764
15:05:21 55.3 945799168 709786705 84468358 51.121 0.2322847136536764
15:05:22 55.1 946049024 709787201 84468854 51.121 0.23228408061447633
15:05:23 53.8 946741248 709787697 84469350 50.634 0.23228408061447633
15:05:24 52.6 946565120 709788945 84469964 50.634 0.23228408061447633
15:05:25 55.6 946520064 709789441 84470460 52.095 0.23228408061447633
15:05:26 55.8 946671616 709789937 84470956 51.608 0.23228408061447633
15:05:27 55.3 946548736 709790503 84471522 51.121 0.23228408061447633
15:05:28 57.1 947126272 709790999 84472018 51.121 0.23228344757872665
15:05:29 50.5 946503680 709792247 84472632 50.634 0.23228344757872665
15:05:30 54.3 945524736 709792743 84473128 51.121 0.23228344757872665
15:05:31 55.0 945782784 709793239 84473624 51.608 0.23228344757872665
15:05:32 54.6 945524736 709793777 84474180 51.121 0.23228344757872665
15:05:33 54.7 946475008 709794273 84474676 51.121 0.23228344757872665
15:05:34 52.1 945258496 709795541 84475360 51.608 0.23228281454642738
15:05:35 55.9 944848896 709796037 84475856 50.634 0.23228281454642738
15:05:36 56.4 944742400 709796533 84476352 50.634 0.23228281454642738
15:05:37 54.5 944848896 709797029 84476848 51.608 0.23228281454642738
15:05:38 54.7 944812032 709797525 84477344 51.121 0.23228281454642738
15:05:39 46.2 944803840 709798777 84477958 51.121 0.23228218151757843
15:05:40 54.6 945319936 709799273 84478454 51.121 0.23228218151757843
15:05:41 55.1 945213440 709799769 84478950 50.634 0.23228218151757843
15:05:42 55.6 944803840 709800265 84479446 50.634 0.23228154849217977
15:05:43 55.0 946323456 709800513 84479694 51.608 0.23228154849217977
15:05:44 51.4 945213440 709801761 84480308 50.634 0.23228091547023147
15:05:45 56.2 945471488 709802257 84480804 50.634 0.23228091547023147
15:05:46 53.9 945987584 709802909 84481456 51.121 0.23228091547023147
15:05:47 54.5 946245632 709803405 84481952 50.634 0.23228070446368207
15:05:48 54.2 946573312 709803901 84482448 51.121 0.23237154556828266
15:05:49 51.4 945979392 709805165 84483062 50.634 0.23237091230337215
15:05:50 56.3 945721344 709805873 84483856 51.121 0.23237091230337215
15:05:51 56.1 945721344 709806369 84484352 50.634 0.23237091230337215
15:05:52 55.2 945524736 709806865 84484848 50.634 0.23237070121583564
15:05:53 53.5 946565120 709807361 84485344 51.121 0.23246154199035315
15:05:54 29.1 945197056 709808968 84486107 48.686 0.23246090848248405
15:05:55 29.4 945680384 710022450 84697070 49.66 0.23264258953639766
15:05:56 29.4 945938432 710022698 84697318 48.686 0.23264258953639766
15:05:57 37.0 944975872 710082776 84700004 49.66 0.23264195553686268
15:05:58 28.5 945741824 710083094 84700720 49.173 0.23291172586544215
15:05:59 33.0 948572160 710104284 84701636 49.66 0.23291172586544215
