Time CPU_use RAM_filled Net_bytes_sent Net_bytes_received Temperature Disk_IO_percentage
14:43:57 29.8 603791360 142819427 601710733 47.225 0.0001721383161494466
14:43:58 29.6 608583680 142820171 601711477 47.225 0.00025820725198736206
14:43:59 29.2 607989760 142820667 601711973 47.225 0.0003442721876162927
14:44:00 29.8 611172352 142821163 601712469 48.199 0.0003442721876162927
14:44:01 29.4 611217408 142822087 601713083 47.225 0.0003442721876162927
14:44:02 29.3 615759872 142822583 601713579 48.686 0.0003442721876162927
14:44:03 29.5 619450368 142823079 601714075 47.712 0.0003442721876162927
14:44:04 28.8 622456832 142823575 601714571 47.712 0.00034426803934940655
14:44:05 29.0 626630656 142824071 601715067 48.199 0.00043033504918675824
14:44:06 29.2 625348608 142824567 601715563 47.712 0.00043033504918675824
14:44:07 29.0 627253248 142825063 601716059 48.686 0.00043033504918675824
14:44:08 29.2 630091776 142825921 601716971 48.199 0.0004303339380600998
14:44:10 28.8 634236928 142826417 601717467 48.199 0.0004303335676858221
14:44:11 28.8 637071360 142826913 601717963 48.686 0.0005164002812229865
14:44:12 29.8 635863040 142827409 601718459 48.686 0.0005164002812229865
14:44:13 29.1 637845504 142828153 601719203 49.173 0.0005164002812229865
14:44:14 28.5 641196032 142828897 601719947 49.173 0.0005164002812229865
14:44:15 29.4 645853184 142829393 601720443 48.199 0.0005163985034341038
14:44:17 29.4 645586944 142829889 601720939 48.199 0.0006024649206731211
14:44:18 29.0 650772480 142830881 601721931 49.173 0.0006024649206731211
14:44:19 29.3 655826944 142831377 601722427 48.686 0.0006024649206731211
14:44:20 29.1 652574720 142831873 601722923 48.199 0.0006024633651172206
14:44:21 28.3 655896576 142832439 601723489 48.686 0.0006024628466003721
14:44:23 29.4 658788352 142833183 601724233 48.686 0.0006885289675432824
14:44:24 29.8 659927040 142833997 601725047 49.66 0.0006885289675432824
14:44:25 29.4 661843968 142834493 601725543 50.634 0.0006885289675432824
14:44:26 28.3 663420928 142834989 601726039 49.173 0.0006885271897773507
14:44:28 29.1 668459008 142835733 601726783 49.173 0.0006885265971907469
14:44:29 29.0 670265344 142836385 601727435 48.199 0.0007745924218395902
14:44:30 28.3 671379456 142837377 601728487 48.686 0.0007745924218395902
14:44:32 29.8 672714752 142838121 601729231 49.173 0.0007745924218395902
14:44:33 29.3 679706624 142838865 601729975 49.66 0.0007745904218666875
14:44:34 29.2 677974016 142839361 601730471 49.66 0.0007745897552113485
14:44:35 28.9 679571456 142840601 601731711 50.634 0.0008606552835681649
14:44:36 28.3 681324544 142841345 601732455 50.147 0.0008606552835681649
14:44:37 29.5 684294144 142842089 601733199 50.147 0.0008606552835681649
14:44:38 29.1 685441024 142843045 601734241 50.147 0.0008606530613913511
14:44:40 28.7 687378432 142844037 601735233 50.147 0.0008606523206682965
14:44:41 28.9 689176576 142845029 601736225 49.66 0.0009467175527351262
14:44:42 29.5 691290112 142845525 601736721 49.66 0.0009467175527351262
14:44:44 29.6 692088832 142846559 601737773 49.173 0.0009467175527351262
14:44:45 29.5 694448128 142847303 601738517 49.173 0.000946715108357461
14:44:46 28.6 697921536 142848543 601739757 50.147 0.0009467142935677111
14:44:47 28.6 699379712 142849535 601741629 50.634 0.001032779229346594
14:44:48 29.2 706158592 142850031 601742125 49.66 0.001032779229346594
14:44:49 28.5 704917504 142850775 601742869 50.147 0.001032779229346594
14:44:51 29.1 706023424 142852171 601745145 50.634 0.0010327765627711374
14:44:52 28.9 706764800 142853233 601746207 50.634 0.001032775673915712
14:44:53 29.0 709943296 142853977 601746951 49.66 0.001118840313408688
14:44:54 29.6 710995968 142854473 601747447 49.66 0.001118840313408688
14:44:56 28.4 712798208 142855287 601748261 49.66 0.001118840313408688
14:44:57 29.1 714665984 142856527 601749608 49.66 0.001118840313408688
14:44:58 29.3 720076800 142857519 601750600 49.66 0.0011188354987999951
14:44:59 28.8 718610432 142858511 601751592 49.66 0.0012048997679384563
14:45:00 28.7 719900672 142859007 601752088 51.121 0.0012048997679384563
14:45:01 29.1 719732736 142860067 601752702 50.147 0.0012048997679384563
14:45:02 28.8 722788352 142860563 601753198 50.147 0.0012909640370769174
14:45:03 29.2 724594688 142861307 601753942 50.634 0.0012909640370769174
14:45:04 28.9 727506944 142862051 601754793 49.173 0.0012909584818070062
14:45:05 28.7 731549696 142862547 601755289 50.147 0.0013770223805941399
14:45:06 29.0 733097984 142863539 601756281 50.634 0.0013770223805941399
14:45:07 28.8 733097984 142864283 601757025 50.634 0.0013770223805941399
14:45:08 29.6 734646272 142865637 601758433 49.66 0.0013770223805941399
14:45:09 28.9 736444416 142866629 601759425 50.147 0.0013770164550238992
14:45:10 28.3 738222080 142867621 601760504 49.66 0.0013770128997062337
14:45:11 29.8 740028416 142868365 601761248 51.121 0.0014630762059378733
14:45:12 28.4 741834752 142869109 601761992 50.147 0.0014630762059378733
14:45:13 30.5 1056460800 142870101 601762984 51.121 0.0014630762059378733
14:45:14 33.0 1340518400 142871093 601764063 50.147 0.0014630762059378733
14:45:15 31.4 1279762432 142871837 601764807 50.634 0.0014630724284323598
14:45:16 38.3 1235390464 142872581 601765551 51.121 0.0014630711692681902
14:45:17 39.4 1180008448 142873077 601766047 51.608 0.0015491341792251425
14:45:18 30.5 1388867584 142874069 601767039 51.608 0.0015491341792251425
14:45:19 33.3 1226194944 142939423 601769619 50.634 0.0015491341792251425
14:45:20 34.7 748163072 143008779 601772339 50.147 0.0015491341792251425
14:45:21 21.7 748384256 143091020 601775602 49.173 0.0015491301795409603
14:45:23 4.8 748609536 143091586 601776168 49.173 0.0015491288463174895
14:45:24 3.8 749420544 143092082 601776664 49.173 0.0016351915600017943
14:45:25 5.0 751714304 143092826 601777408 48.686 0.0016351915600017943
14:45:26 4.3 751394816 143093322 601777904 48.686 0.0016351915600017943
14:45:27 4.8 751411200 143093972 601778590 48.686 0.001635187338142003
14:45:28 6.0 752488448 143095240 601783656 48.199 0.001635187338142003
14:45:29 6.7 751800320 143096172 601786094 48.199 0.0016351859308602508
14:45:30 7.7 752058368 143096668 601786590 47.712 0.0017212483482739484
14:45:31 7.4 752857088 143097164 601787086 47.712 0.0017212483482739484
14:45:32 5.7 752824320 143097702 601787642 47.712 0.0017212439042416075
14:45:33 6.9 752623616 143098198 601788138 47.225 0.0017212439042416075
14:45:34 7.7 753160192 143098694 601788634 48.199 0.0017212439042416075
14:45:35 7.4 753160192 143099190 601789130 48.199 0.0017212424229025936
14:45:36 7.2 752390144 143099686 601789626 47.712 0.0018073045440477231
14:45:37 8.1 752058368 143100182 601790122 48.199 0.0018073045440477231
14:45:38 6.9 751431680 143100890 601790846 47.712 0.0018072998778458922
14:45:39 7.7 751390720 143101738 601792548 48.199 0.0018072998778458922
14:45:40 7.4 750264320 143102234 601793044 48.199 0.0018072998778458922
14:45:41 6.7 750780416 143102730 601793540 46.738 0.0018072983224506362
14:45:42 7.6 750522368 143103226 601794036 46.738 0.001893360147329238
14:45:43 7.9 750006272 143103722 601794532 46.251 0.001893360147329238
14:45:44 7.4 749998080 143104218 601795028 47.225 0.0018933552589609761
14:45:45 6.9 749998080 143104714 601795524 46.251 0.0018933552589609761
14:45:46 7.2 749481984 143105210 601796020 45.764 0.0018933552589609761
14:45:47 7.2 749223936 143105706 601796516 47.225 0.001893353629510498
14:45:48 7.7 748986368 143106202 601797012 46.738 0.001979415158124612
14:45:49 6.0 749236224 143106698 601797508 46.738 0.001979410047592978
14:45:50 6.7 749236224 143107194 601798004 47.712 0.001979410047592978
14:45:51 6.7 748503040 143107846 601798656 46.738 0.001979410047592978
14:45:52 7.1 749232128 143108342 601799152 47.712 0.001979410047592978
14:45:53 7.9 749277184 143108838 601799948 46.738 0.001979408344088298
14:45:54 7.6 749748224 143109404 601800514 45.764 0.0020654642437480174
14:45:55 7.7 750571520 143109900 601801010 46.738 0.0020654642437480174
14:45:56 6.9 750526464 143110396 601801506 46.738 0.0020654642437480174
14:45:57 8.1 751087616 143110892 601802002 46.251 0.0020654642437480174
14:45:58 6.9 750538752 143111458 601802568 47.225 0.0020654624661901543
14:45:59 6.9 750206976 143111954 601803064 45.764 0.0022375785613295003
14:46:00 7.2 749993984 143112450 601803560 45.764 0.0022375785613295003
14:46:01 7.4 749887488 143113562 601804174 46.738 0.0022375785613295003
14:46:02 8.1 749887488 143114058 601804670 46.251 0.0022375785613295003
14:46:03 6.4 750403584 143114554 601805166 46.738 0.0022375785613295003
14:46:04 7.4 750395392 143115050 601805662 46.251 0.0022375689329905118
14:46:05 8.6 751570944 143115546 601806158 46.251 0.0023236292765670703
14:46:06 7.6 751054848 143116042 601806654 46.738 0.0023236292765670703
14:46:07 6.7 751419392 143116538 601807150 46.738 0.0023236292765670703
14:46:08 7.2 751161344 143117148 601807814 46.251 0.0023236292765670703
14:46:09 7.4 750796800 143117644 601808310 46.738 0.0023236192779934
14:46:10 6.4 750592000 143118140 601808806 46.251 0.0023236132788905005
14:46:11 6.9 749809664 143118636 601809302 47.225 0.002409673029960519
14:46:12 7.4 749318144 143119132 601809798 45.764 0.002409673029960519
14:46:13 7.4 749166592 143119628 601810294 46.251 0.002409673029960519
14:46:14 7.9 748158976 143120124 601810790 46.251 0.002409673029960519
14:46:15 7.9 748302336 143120620 601811286 46.738 0.00240966266121208
14:46:16 6.2 748302336 143121116 601811782 46.251 0.002495722041969654
14:46:17 6.7 748068864 143121612 601812278 46.251 0.002495722041969654
14:46:18 6.9 748425216 143122108 601812774 45.277 0.002495722041969654
14:46:19 7.0 749199360 143122604 601813270 47.225 0.002495722041969654
14:46:20 7.2 749715456 143123348 601814014 46.738 0.002495722041969654
14:46:21 6.4 750256128 143123844 601814510 46.251 0.0024957113030011895
14:46:22 7.6 750149632 143124340 601815006 46.251 0.0025817703134495065
14:46:23 7.4 750149632 143124836 601815502 45.764 0.0025817703134495065
14:46:24 7.7 746938368 143125332 601815998 46.251 0.0025817703134495065
14:46:25 7.4 746913792 143125898 601816564 45.764 0.0025817703134495065
14:46:26 5.5 746762240 143126394 601817060 46.738 0.0025817703134495065
14:46:27 7.4 746647552 143126890 601817556 45.277 0.0025817592042673898
14:46:28 7.7 748068864 143127542 601818208 45.764 0.002667817844409636
14:46:29 6.4 748584960 143128108 601818774 46.251 0.002667817844409636
14:46:30 7.2 748843008 143128646 601819330 46.738 0.002667817844409636
14:46:31 7.2 748843008 143129142 601819826 46.251 0.002667817844409636
14:46:32 7.1 748843008 143129638 601820322 45.277 0.002667817844409636
14:46:33 6.2 748576768 143130134 601820818 46.251 0.0026678063650202393
14:46:34 6.4 748425216 143130630 601821314 45.764 0.002753864634859602
14:46:35 6.7 748318720 143131126 601821810 44.79 0.002753864634859602
14:46:36 7.2 748318720 143131622 601822306 46.251 0.002753864634859602
14:46:37 7.4 748060672 143132118 601822802 46.251 0.002753864634859602
14:46:38 8.3 746237952 143133826 601823714 46.251 0.002753864634859602
14:46:39 6.9 746897408 143134322 601824210 46.251 0.002753850415363473
14:46:40 6.7 747929600 143135732 601825015 46.738 0.002839908240843582
14:46:41 6.5 748445696 143136228 601825577 45.764 0.002839908240843582
14:46:42 7.7 750141440 143136724 601826073 46.738 0.002839908240843582
14:46:43 7.4 749490176 143137220 601826569 45.764 0.002839908240843582
14:46:44 7.7 748609536 143137716 601827065 45.277 0.0028399009089726777
14:46:45 6.9 748634112 143138212 601827561 46.251 0.0028398984650241225
14:46:46 6.7 748916736 143138708 601828057 45.764 0.0029259559942672775
14:46:47 7.9 749174784 143139204 601828553 46.738 0.0029259559942672775
14:46:48 6.2 749457408 143139700 601829049 45.764 0.0029259559942672775
14:46:49 7.4 749727744 143140196 601829545 45.764 0.0029259559942672775
14:46:50 6.4 749203456 143140848 601830197 46.251 0.002925948440270474
14:46:51 7.7 748548096 143141344 601830693 45.764 0.0029259459222802067
14:46:52 6.9 748445696 143141840 601831189 45.277 0.003012003155288448
14:46:53 7.7 747929600 143142584 601831933 45.764 0.003012003155288448
14:46:54 6.2 747413504 143143080 601832429 45.277 0.003012003155288448
14:46:55 7.9 747929600 143143576 601832925 45.764 0.003012003155288448
14:46:56 6.7 748437504 143144142 601833491 45.277 0.003011995379168803
14:46:57 8.4 749207552 143144638 601833987 46.251 0.0030980470578288134
14:46:58 6.2 748949504 143145134 601834483 46.251 0.0031841039205462805
14:46:59 7.6 748691456 143145700 601835049 45.764 0.0031841039205462805
14:47:00 7.7 748691456 143146196 601835545 45.277 0.0031841039205462805
14:47:01 8.4 747794432 143147120 601836159 44.79 0.0031841039205462805
14:47:02 6.7 748044288 143147616 601836655 45.764 0.003184079259477826
14:47:03 8.1 748044288 143148112 601837151 45.764 0.0032701354556799295
14:47:04 6.2 748634112 143148608 601837647 46.738 0.0032701354556799295
14:47:05 7.2 750538752 143149104 601838143 45.764 0.0032701354556799295
14:47:06 8.1 750538752 143149600 601838639 45.764 0.0032701354556799295
14:47:07 7.9 750551040 143150096 601839135 45.764 0.0032701354556799295
14:47:08 7.9 750542848 143150706 601839799 45.764 0.0032701213849695536
14:47:09 7.6 750542848 143151202 601840295 45.764 0.0033561772108898057
14:47:10 6.9 750284800 143151698 601840791 45.764 0.0033561772108898057
14:47:11 7.2 750284800 143152194 601841287 45.764 0.0033561772108898057
14:47:12 6.9 749244416 143152690 601841783 46.251 0.0033561772108898057
14:47:13 6.4 749260800 143153186 601842279 44.303 0.0033561772108898057
14:47:14 6.9 749252608 143153682 601842775 45.764 0.0033561656581855
14:47:15 7.4 749543424 143154178 601843271 45.277 0.0034422211878825638
14:47:16 7.7 749027328 143154674 601843767 44.79 0.0034422211878825638
14:47:17 6.4 749039616 143155170 601844263 45.277 0.0034422211878825638
14:47:18 6.4 749580288 143155666 601844759 45.277 0.0034422211878825638
14:47:19 7.2 749940736 143156162 601845255 45.277 0.003442212301240476
14:47:20 7.4 750608384 143156658 601845751 45.277 0.003442209339036644
14:47:21 7.9 750198784 143157154 601846247 45.764 0.0035282645725125605
14:47:22 8.1 749711360 143157650 601846743 45.764 0.0035282645725125605
14:47:23 6.9 749088768 143158146 601847239 46.251 0.0035282645725125605
14:47:24 7.7 748965888 143158642 601847735 45.277 0.0035282554637671294
14:47:25 6.2 748965888 143159138 601848231 45.764 0.0035282554637671294
14:47:26 6.7 748965888 143159634 601848727 45.764 0.003528252427529103
14:47:27 7.7 748490752 143160200 601849293 45.277 0.003614307364785911
14:47:28 6.7 750624768 143160852 601849945 45.277 0.003614307364785911
14:47:29 6.7 750874624 143161348 601850441 45.764 0.003614298033940195
14:47:30 7.7 750358528 143161914 601851007 46.251 0.003614298033940195
14:47:31 6.9 750125056 143162410 601851503 45.277 0.003614298033940195
14:47:32 7.4 749821952 143162948 601852059 45.764 0.0036142949236689956
14:47:33 7.4 750125056 143163444 601852555 45.764 0.0037003495647087337
14:47:35 6.9 750125056 143163940 601853051 45.764 0.0037003495647087337
14:47:36 5.7 750223360 143164436 601853547 45.277 0.0037003400117657905
14:47:37 7.2 750632960 143164932 601854043 45.277 0.0037003400117657905
14:47:38 7.7 750600192 143165526 601854539 44.79 0.0037003400117657905
14:47:39 6.2 750903296 143166136 601855333 46.251 0.003700336827462437
14:47:40 6.7 751161344 143166632 601855829 45.277 0.0037863911722871447
14:47:41 6.7 751669248 143167128 601856325 44.79 0.003786381397250033
14:47:42 7.4 751669248 143167624 601856821 45.277 0.003786381397250033
14:47:43 7.4 751153152 143168120 601857317 44.79 0.003786381397250033
14:47:44 7.7 750895104 143168616 601857813 46.738 0.003786381397250033
14:47:45 6.4 750895104 143169112 601858309 44.79 0.003786378138915545
14:47:46 6.7 750370816 143169608 601858805 45.277 0.0038724221903990393
14:47:47 7.9 750370816 143170104 601859301 45.277 0.0038724221903990393
14:47:48 6.7 750112768 143170600 601859797 45.764 0.0038724221903990393
14:47:49 7.8 749871104 143171096 601860293 45.277 0.0038724221903990393
14:47:50 6.0 749871104 143171592 601860789 45.277 0.003872418858034436
14:47:51 6.7 749346816 143172244 601861441 45.277 0.003958462391218926
14:47:52 7.7 749088768 143172740 601861937 46.251 0.003958462391218926
14:47:53 6.5 749195264 143173236 601862433 46.251 0.003958462391218926
14:47:54 8.3 749088768 143173732 601862929 45.277 0.003958462391218926
14:47:55 7.7 749084672 143174228 601863425 45.277 0.004044515921462815
14:47:56 7.4 749076480 143174724 601863921 45.277 0.004044498519294033
14:47:57 6.7 749076480 143175220 601864417 46.251 0.004130551679279012
14:47:58 7.4 749076480 143175786 601864983 45.764 0.004130551679279012
14:47:59 6.9 748666880 143176282 601865779 45.764 0.004130551679279012
14:48:00 7.2 748302336 143176778 601866275 44.79 0.004130551679279012
14:48:01 8.1 748142592 143177938 601866959 45.764 0.004130533907004256
14:48:02 6.9 748142592 143178434 601867455 44.303 0.004130523243712811
14:48:03 6.9 749281280 143178930 601867951 45.277 0.004216575811290161
14:48:04 7.2 749432832 143179426 601868447 44.79 0.004216575811290161
14:48:05 6.7 751210496 143179922 601868943 45.277 0.004216575811290161
14:48:06 8.1 750956544 143180418 601869439 45.277 0.004216575811290161
14:48:07 6.0 751206400 143180914 601869935 44.303 0.004216557669009473
14:48:08 7.2 750317568 143181524 601870599 45.764 0.004302609866336198
14:48:09 6.9 750166016 143182020 601871095 45.764 0.004302609866336198
14:48:10 6.7 750059520 143182516 601871591 45.277 0.004302609866336198
14:48:11 7.2 749658112 143183012 601872087 44.79 0.004302609866336198
14:48:12 6.7 749809664 143183508 601872583 45.277 0.004302609866336198
14:48:13 7.2 750317568 143184004 601873079 45.277 0.004302595056425845
14:48:14 6.9 750833664 143184500 601873575 44.79 0.004388646957554362
14:48:15 7.2 751091712 143184996 601874071 46.738 0.004388646957554362
14:48:16 7.4 751349760 143185492 601874567 45.764 0.004388646957554362
14:48:17 6.2 751046656 143185988 601875063 45.764 0.004388646957554362
14:48:18 7.2 750309376 143186484 601875559 43.816 0.004388635628041188
14:48:19 7.6 749793280 143186980 601876055 46.251 0.004388631851549795
14:48:20 6.9 750059520 143187476 601876551 45.764 0.004474683456482144
14:48:21 6.9 750059520 143187972 601877047 45.277 0.004474683456482144
14:48:22 7.9 750059520 143188468 601877543 45.277 0.004474683456482144
14:48:23 6.7 750051328 143188964 601878039 46.251 0.004474671904901174
14:48:24 6.7 749793280 143189460 601878535 44.79 0.004474671904901174
14:48:25 7.4 749137920 143189956 601879031 45.277 0.004474668054387439
14:48:26 7.9 748879872 143190452 601879527 44.303 0.004560719363125659
14:48:27 6.9 749654016 143190948 601880023 44.79 0.004560719363125659
14:48:28 7.9 750141440 143191444 601880519 45.277 0.004560719363125659
14:48:29 6.5 752336896 143192166 601881241 44.79 0.004560707589479954
14:48:30 7.2 752078848 143192662 601881737 45.277 0.004560707589479954
14:48:31 6.2 752078848 143193158 601882233 45.277 0.004560703664944894
14:48:32 6.9 751820800 143193724 601882799 45.764 0.004646754677491024
14:48:33 7.7 751882240 143194220 601883295 45.277 0.004646754677491024
14:48:34 7.4 752078848 143194758 601883851 46.251 0.004646754677491024
14:48:35 6.2 751509504 143195254 601884347 46.251 0.004646742681783639
14:48:36 6.9 750780416 143195750 601884843 45.277 0.004646742681783639
14:48:37 7.1 750374912 143196246 601885339 45.764 0.004646738683228274
14:48:38 7.7 750010368 143196954 601886133 45.277 0.004732789399584354
14:48:39 7.6 749707264 143197450 601886629 45.277 0.004732789399584354
14:48:40 6.9 748720128 143197946 601887125 44.79 0.004732789399584354
14:48:41 7.6 748969984 143198442 601887621 45.277 0.004732777181818347
14:48:42 6.4 748711936 143198938 601888117 45.764 0.004732777181818347
14:48:43 7.4 748560384 143199434 601888613 45.277 0.0047327731092436974
14:48:44 6.9 748453888 143199930 601889109 45.277 0.004818823529411764
14:48:45 7.0 748716032 143200426 601889605 45.764 0.004818823529411764
14:48:46 6.7 749604864 143200922 601890101 46.251 0.004818823529411764
14:48:47 6.0 748838912 143201418 601890597 45.764 0.004818811089590196
14:48:48 7.4 749731840 143201914 601891093 45.764 0.004818811089590196
14:48:49 7.4 749473792 143202410 601891589 46.251 0.0048188069429972785
14:48:50 6.7 749752320 143203062 601892241 45.764 0.004904857066979373
14:48:51 7.6 750268416 143203558 601892737 45.764 0.004904857066979373
14:48:52 7.7 750493696 143204229 601893408 44.303 0.004904844405105298
14:48:53 7.7 751521792 143204725 601893904 44.79 0.004990894306949251
14:48:54 7.4 752037888 143205221 601894400 45.277 0.004990885717644728
14:48:55 7.2 751779840 143205717 601894896 44.79 0.005076935471397224
14:48:56 7.2 751267840 143206213 601895392 44.79 0.005076935471397224
14:48:57 7.6 751255552 143206793 601896008 46.251 0.005076900522114043
14:48:58 7.1 750739456 143207289 601896504 44.79 0.005076900522114043
14:48:59 6.9 749965312 143207785 601897000 45.764 0.005076900522114043
14:49:00 7.9 750194688 143208351 601897566 44.79 0.005076878679056402
14:49:01 6.5 747749376 143209451 601898180 45.764 0.005162927470226849
14:49:02 6.5 747999232 143209947 601898676 45.277 0.005162914142351223
14:49:03 7.9 747732992 143210761 601899490 44.303 0.005162914142351223
14:49:04 7.7 747216896 143211257 601899986 45.277 0.005162914142351223
14:49:05 6.9 749404160 143211795 601900542 46.251 0.005162914142351223
14:49:06 7.1 749158400 143212291 601901038 46.738 0.005162909699741306
14:49:07 7.2 749006848 143212787 601901534 45.277 0.0052489581947369945
14:49:08 7.9 748376064 143213397 601902198 45.764 0.005248944644823384
14:49:09 7.2 748118016 143213893 601902694 45.764 0.005248944644823384
14:49:10 6.9 747859968 143214389 601903190 45.277 0.005248944644823384
14:49:11 7.7 747601920 143214885 601903686 44.303 0.005248944644823384
14:49:12 7.9 747601920 143215381 601904182 45.277 0.0052489401282010606
14:49:13 7.2 747335680 143215877 601904678 45.277 0.005334974555075492
14:49:14 6.2 747077632 143216373 601905174 45.277 0.005334974555075492
14:49:15 8.2 746819584 143216869 601905670 44.79 0.005334972833586924
14:49:16 10.3 746819584 143217365 601906166 45.764 0.005334972833586924
14:49:17 3.3 747593728 143217861 601906662 45.277 0.005334972833586924
14:49:18 4.5 747585536 143218357 601907890 45.764 0.005334954471111329
14:49:19 3.8 747585536 143218853 601909118 45.764 0.005421002123871189
14:49:20 4.0 747585536 143219349 601909706 45.764 0.005421002123871189
14:49:21 7.1 747585536 143219845 601910202 45.764 0.005421002123871189
14:49:22 7.8 747585536 143220341 601910698 45.277 0.005421002123871189
14:49:23 7.4 747577344 143220837 601911194 44.79 0.0054209881299720625
14:49:24 7.5 746950656 143221333 601911690 46.738 0.0054209834653550755
14:49:25 7.0 746950656 143221829 601912186 46.251 0.005507030821948013
14:49:26 7.9 746950656 143222325 601912682 44.79 0.005507030821948013
14:49:27 6.5 746754048 143222821 601913178 44.79 0.005507030821948013
14:49:28 7.4 747053056 143223473 601913830 45.277 0.005507016606021363
14:49:29 7.4 747569152 143223969 601914326 45.277 0.005507016606021363
14:49:30 6.9 748601344 143224465 601914822 45.764 0.005507011867395457
14:49:31 6.4 749375488 143225031 601915388 45.277 0.0055930589278235104
14:49:32 6.9 749891584 143225527 601915884 44.79 0.0055930589278235104
14:49:33 7.2 750915584 143226023 601916380 45.764 0.0055930444898723945
14:49:34 5.9 750915584 143226589 601916946 45.764 0.0055930444898723945
14:49:35 6.0 750915584 143227333 601917690 44.79 0.0055930444898723945
14:49:36 7.4 750915584 143227871 601918246 45.277 0.0055930396772385866
14:49:37 7.4 749883392 143228367 601918742 45.277 0.005679086441503797
14:49:38 7.7 749064192 143229075 601919536 45.764 0.005679086441503797
14:49:39 7.2 748691456 143229571 601920032 44.79 0.005679071781531271
14:49:40 6.7 749101056 143230067 601920528 44.303 0.005679071781531271
14:49:41 7.4 749101056 143230563 601921024 45.764 0.005679066894890582
14:49:42 7.2 749359104 143231059 601921520 44.79 0.005765113362994985
14:49:43 6.9 749830144 143231555 601922016 45.277 0.005765113362994985
14:49:45 7.2 750641152 143232051 601922512 44.79 0.005765098481004108
14:49:46 7.9 750383104 143232547 601923008 45.764 0.005765098481004108
14:49:47 6.9 750596096 143233043 601923504 44.79 0.005765098481004108
14:49:48 7.4 750231552 143233539 601924000 46.251 0.005765093520357556
14:49:49 6.2 750747648 143234035 601924496 46.738 0.005851139692303191
14:49:50 7.7 750125056 143234531 601924992 45.764 0.005851139692303191
14:49:51 7.9 750112768 143235183 601925644 45.764 0.005937170538124917
14:49:52 7.4 749596672 143235679 601926140 46.251 0.005937170538124917
14:49:53 7.9 749596672 143236175 601926636 44.303 0.005937170538124917
14:49:54 6.2 749596672 143236671 601927132 45.277 0.005937160320752936
14:49:55 7.2 749596672 143237167 601927628 45.277 0.006023206122502977
14:49:56 6.9 749584384 143237663 601928124 44.79 0.006023164661060391
14:49:57 6.4 749584384 143238159 601928620 45.764 0.006023164661060391
14:49:58 7.7 749584384 143238655 601929116 44.79 0.006023164661060391
14:49:59 6.7 749060096 143239151 601929612 44.79 0.006023138747948637
14:50:00 7.2 748802048 143239647 601930108 45.277 0.0061091835872050465
14:50:01 8.7 747773952 143240999 601930722 44.303 0.0061091835872050465
14:50:02 6.7 747905024 143241495 601931218 45.277 0.006109167817334161
14:50:03 6.9 748937216 143242061 601931784 45.764 0.006109167817334161
14:50:04 7.2 749711360 143242557 601932387 45.277 0.006109167817334161
14:50:05 7.4 749834240 143243053 601933123 44.79 0.006109162560728625
14:50:06 7.9 749834240 143243661 601933809 45.764 0.006195207103837479
14:50:07 6.5 749318144 143244157 601934305 45.277 0.006195207103837479
14:50:08 7.6 749051904 143244767 601934969 45.277 0.006195191111965819
14:50:09 6.2 749051904 143245263 601935465 44.79 0.006195191111965819
14:50:10 6.9 749051904 143245759 601935961 46.251 0.006195191111965819
14:50:11 6.7 749051904 143246255 601936457 45.277 0.0061951857813602774
14:50:12 6.2 749051904 143246751 601936953 45.277 0.006281230028323615
14:50:13 7.2 749051904 143247247 601937449 45.277 0.006281230028323615
14:50:14 6.7 749043712 143247743 601937945 44.303 0.006281213814454235
14:50:15 7.4 749043712 143248239 601938441 45.277 0.006281213814454235
14:50:16 6.7 748892160 143248735 601939024 45.277 0.006281213814454235
14:50:17 6.4 748785664 143249231 601939520 45.277 0.00628120840984971
14:50:18 7.9 749043712 143249727 601940016 46.251 0.0063672523606695675
14:50:19 7.9 748130304 143250223 601940512 44.79 0.0063672523606695675
14:50:20 7.2 748896256 143250719 601941008 45.764 0.006367235924805525
14:50:21 6.7 749670400 143251215 601941504 45.764 0.006367235924805525
14:50:22 7.9 750292992 143251711 601942000 45.764 0.006367235924805525
14:50:23 6.4 752726016 143252207 601942496 44.303 0.0063672304462030335
14:50:24 7.6 753135616 143252703 601942992 45.764 0.006453274100881453
14:50:25 7.4 752832512 143253199 601943488 45.277 0.006453274100881453
14:50:26 6.5 753127424 143253695 601943984 45.764 0.006453257443025804
14:50:27 6.9 753340416 143254191 601944480 44.79 0.006453257443025804
14:50:28 6.9 752717824 143254687 601944976 44.79 0.006453251890426365
14:50:29 7.4 753127424 143255339 601945628 44.79 0.006539295248965383
14:50:30 6.7 752611328 143255835 601946124 44.303 0.006539295248965383
14:50:31 7.4 752201728 143256331 601946620 44.79 0.006539295248965383
14:50:32 6.4 751419392 143256827 601947116 44.79 0.006539278369121183
14:50:33 7.2 751054848 143257393 601947682 45.277 0.006539278369121183
14:50:34 7.9 750448640 143257889 601948178 45.277 0.006539272742525816
14:50:35 7.4 747044864 143258385 601948674 45.277 0.006625315804927471
14:50:36 7.6 747302912 143258951 601949240 45.277 0.006625315804927471
14:50:37 7.4 747819008 143259447 601949736 45.764 0.006625315804927471
14:50:38 6.9 748130304 143260155 601950530 43.329 0.006625298703097779
14:50:39 6.7 749727744 143260693 601951086 45.277 0.006625298703097779
14:50:40 6.9 749469696 143261189 601951582 46.251 0.0066252930025075
14:50:41 7.9 750309376 143262620 601952513 46.251 0.0067113357687738325
14:50:42 6.2 750837760 143263116 601953009 45.764 0.0067113357687738325
14:50:43 6.9 750579712 143263612 601954279 45.277 0.0067113357687738325
14:50:44 7.4 750206976 143264108 601955619 45.277 0.006711318444961703
14:50:45 7.4 750206976 143264604 601956537 45.277 0.006711312670377535
14:50:46 7.4 750436352 143265100 601957575 45.277 0.00679735514051058
14:50:47 6.7 750026752 143265596 601958071 44.79 0.00679735514051058
14:50:48 7.2 749920256 143266092 601959333 44.79 0.00679735514051058
14:50:49 8.4 749916160 143266588 601959829 44.303 0.006883397610643626
14:50:50 6.9 749391872 143267240 601960481 44.79 0.00688337984275349
14:50:51 7.2 748875776 143267736 601960977 44.79 0.006883367997544358
14:50:52 6.9 749498368 143268232 601961473 46.251 0.0069694100975136635
14:50:53 7.2 749383680 143268728 601961969 45.764 0.0069694100975136635
14:50:54 6.9 749383680 143269224 601962572 45.764 0.0069694100975136635
14:50:55 7.2 748351488 143269720 601963068 45.277 0.0069694100975136635
14:50:56 7.4 749379584 143270216 601963564 45.277 0.00696932614574969
14:50:57 8.1 749637632 143270712 601964060 45.277 0.007055367209277463
14:50:58 7.9 750002176 143271208 601964556 45.764 0.007055367209277463
14:50:59 6.7 749895680 143271704 601965052 44.79 0.007055367209277463
14:51:00 6.4 749637632 143272200 601965548 45.277 0.007055367209277463
14:51:01 7.0 748109824 143273032 601966249 44.79 0.007055367209277463
14:51:02 7.2 748474368 143273528 601966745 45.277 0.007055342927309104
14:51:03 8.1 748732416 143274024 601967241 45.277 0.007141383694715312
14:51:04 7.2 748732416 143274590 601967807 45.277 0.007141383694715312
14:51:05 7.7 750145536 143275086 601968303 45.764 0.007141383694715312
14:51:06 6.9 749629440 143275582 601968799 45.277 0.007141383694715312
14:51:07 7.4 749105152 143276148 601969365 44.79 0.007141365261258889
14:51:08 6.7 749105152 143276758 601970029 45.277 0.007141359116794563
14:51:09 7.4 749334528 143277296 601970585 45.277 0.007227399588081243
14:51:10 7.2 749850624 143277792 601971081 44.79 0.007227399588081243
14:51:11 7.2 750108672 143278288 601971577 46.251 0.007227399588081243
14:51:12 7.2 750321664 143278784 601972073 45.764 0.007227399588081243
14:51:13 7.4 749584384 143279280 601972569 44.303 0.0072273809326633956
14:51:14 7.6 749068288 143279776 601973065 45.277 0.007227374714212181
14:51:15 6.7 748658688 143280272 601973561 43.816 0.007313414889381374
14:51:16 6.9 748552192 143280768 601974057 45.277 0.007313414889381374
14:51:17 7.6 749432832 143281264 601974553 45.764 0.007313414889381374
14:51:18 7.1 749842432 143281760 601975049 44.303 0.007313414889381374
14:51:19 6.7 748544000 143282256 601975545 45.764 0.0073133960120051545
14:51:20 7.7 748544000 143282752 601976041 45.277 0.007313389719568071
14:51:21 7.7 748027904 143283248 601976537 44.303 0.007399429598621813
14:51:22 7.9 748027904 143283744 601977033 45.277 0.007399429598621813
14:51:23 7.4 747769856 143284240 601977529 46.251 0.007399429598621813
14:51:24 7.7 746110976 143284736 601978025 45.764 0.007399429598621813
14:51:25 7.4 746102784 143285232 601978521 44.303 0.007399410499290281
14:51:26 7.0 746102784 143285728 601979017 45.764 0.0073994041328683475
14:51:27 7.2 746422272 143286224 601979513 45.277 0.007485443715808676
14:51:28 7.4 745697280 143286876 601980165 45.277 0.007485443715808676
14:51:29 6.7 745697280 143287372 601980661 45.277 0.007485443715808676
14:51:30 7.8 745689088 143287868 601981157 45.764 0.007485424394524885
14:51:31 7.6 745689088 143288364 601981653 44.79 0.00748541795411912
14:51:32 7.4 745947136 143288860 601982149 45.277 0.007571457240948075
14:51:33 6.7 746205184 143289356 601982645 44.79 0.007571457240948075
14:51:34 6.0 746721280 143289852 601983141 46.251 0.007571457240948075
14:51:35 7.7 747728896 143290418 601983707 45.277 0.007571437697715081
14:51:36 7.4 748503040 143290914 601984203 44.79 0.007571437697715081
14:51:37 6.4 748761088 143291410 601984699 46.251 0.007571431183326503
14:51:38 7.9 749809664 143292134 601985563 45.764 0.007657470174046123
14:51:39 7.9 749551616 143292630 601986059 45.764 0.007657470174046123
14:51:40 7.6 749133824 143293168 601986615 45.277 0.007657450408866983
14:51:41 6.7 748359680 143293664 601987111 45.277 0.007657450408866983
14:51:42 7.4 747843584 143294160 601987607 45.764 0.007657450408866983
14:51:43 7.2 747479040 143294656 601988103 46.251 0.007657443820496611
14:51:44 6.9 746704896 143295152 601988599 44.303 0.007743482515108932
14:51:45 6.2 747470848 143295648 601989095 45.764 0.007743462527986702
14:51:46 6.9 747728896 143296144 601989591 45.277 0.007743462527986702
14:51:47 6.2 748498944 143296640 601990087 45.277 0.007829501000519889
14:51:48 8.3 747974656 143297136 601990583 45.277 0.007829487527776935
14:51:49 6.9 747974656 143297632 601991079 45.277 0.007915525852258002
14:51:50 7.7 747716608 143298532 601991979 43.816 0.007915525852258002
14:51:51 8.3 747716608 143299028 601992475 45.277 0.007915471369546472
14:51:52 7.6 747200512 143299524 601992971 45.277 0.007915471369546472
14:51:53 7.7 747200512 143300020 601993467 44.79 0.007915471369546472
14:51:55 6.2 747200512 143300516 601993963 44.79 0.007915430508005016
14:51:56 6.9 747200512 143301012 601994459 45.277 0.008001467796135506
14:51:57 7.4 746934272 143301508 601994955 45.277 0.008001447143451105
14:51:58 6.4 746934272 143302004 601995451 45.277 0.008001447143451105
14:51:59 5.7 747192320 143302500 601995947 45.764 0.008001447143451105
14:52:00 6.7 747966464 143302996 601996443 44.79 0.008001447143451105
14:52:01 7.4 747855872 143303950 601996939 45.764 0.008001440259246664
14:52:02 6.4 747835392 143304516 601997553 45.277 0.008087456376668979
14:52:03 7.2 747835392 143305012 601998049 44.79 0.008087456376668979
14:52:04 6.9 747835392 143305508 601998545 45.277 0.008087456376668979
14:52:05 7.2 747184128 143306004 601999041 44.79 0.008087456376668979
14:52:06 7.4 748064768 143306500 601999537 44.79 0.008087456376668979
14:52:07 6.9 748724224 143307066 602000103 45.764 0.008087428544019809
14:52:08 7.6 748982272 143307692 602000697 45.277 0.00817346501789236
14:52:09 6.2 749498368 143308188 602001333 45.764 0.00817346501789236
14:52:10 7.4 749756416 143308684 602001829 45.277 0.00817346501789236
14:52:11 7.4 750379008 143309180 602002565 45.277 0.00817346501789236
14:52:12 6.9 750780416 143309718 602003181 45.764 0.008173443921463528
14:52:13 6.0 750628864 143310214 602003677 45.277 0.008173436889344785
14:52:14 18.9 750968832 143315835 602205593 45.764 0.008517581600475093
14:52:15 30.1 750710784 143316331 602206089 46.738 0.008517581600475093
14:52:16 31.3 750301184 143317075 602206833 47.225 0.008517581600475093
14:52:17 30.7 750186496 143317571 602207329 47.225 0.008517464350862747
14:52:18 31.1 749670400 143318067 602207825 47.225 0.008517464350862747
14:52:19 30.8 749670400 143318605 602208381 48.199 0.008517376415771858
14:52:20 31.7 749670400 143319101 602208877 47.712 0.008603410520981675
14:52:21 44.2 760766464 143319597 602209373 47.712 0.008603410520981675
14:52:22 59.4 763596800 143320093 602209869 48.686 0.00860333650294589
14:52:23 57.5 764628992 143320589 602210365 49.66 0.00860333650294589
14:52:24 54.5 765345792 143321085 602210861 48.686 0.00860333650294589
14:52:25 41.0 762957824 143321581 602211357 49.173 0.008775403233004807
14:52:26 30.8 763838464 143322077 602211853 48.686 0.008775403233004807
14:52:27 47.2 765038592 143402631 602214535 48.686 0.02210743655025926
14:52:28 55.2 765550592 143403127 602215031 50.634 0.02210743655025926
14:52:29 53.8 766062592 143404027 602215931 51.121 0.02210743655025926
14:52:30 54.9 766578688 143404523 602216427 51.608 0.02210743655025926
14:52:31 54.8 766615552 143475881 602218899 50.147 0.02210743655025926
14:52:32 54.5 766836736 143476873 602219891 51.121 0.02210743655025926
14:52:33 55.3 766828544 143477617 602220635 50.147 0.022107303431556716
14:52:34 55.0 767336448 143478609 602221627 51.121 0.022107303431556716
14:52:35 52.4 768368640 143527301 602223157 50.634 0.035435777276678807
14:52:36 55.7 768884736 143554203 602225597 50.634 0.035435777276678807
14:52:37 55.9 769667072 143555265 602226659 51.121 0.035435777276678807
14:52:38 54.7 769916928 143556469 602227949 50.147 0.03543556393184245
14:52:39 54.6 770748416 143557531 602229011 50.634 0.03543556393184245
14:52:40 47.9 769388544 143611273 602231499 50.634 0.048760404315768766
14:52:41 55.0 769888256 143612397 602232641 51.121 0.048760404315768766
14:52:42 55.2 770920448 143613389 602233633 51.121 0.048760404315768766
14:52:43 55.4 770912256 143614381 602234625 51.608 0.0487600688574729
14:52:44 51.8 770166784 143661887 602236903 50.147 0.06208126583873016
14:52:45 54.8 769875968 143662879 602237895 51.121 0.06208126583873016
14:52:46 55.5 770387968 143663871 602238887 51.608 0.06216725097147078
14:52:47 54.9 770646016 143664863 602239879 51.121 0.06216725097147078
14:52:48 51.5 770646016 143704003 602241947 51.121 0.07548443187325837
14:52:49 56.6 770371584 143705065 602242939 52.095 0.07548443187325837
14:52:50 54.9 770371584 143706213 602244087 53.069 0.07548430208078324
14:52:51 55.6 771403776 143707205 602245079 51.608 0.07557027508998687
14:52:52 51.9 774004736 143708197 602246071 51.121 0.07557027508998687
14:52:53 57.0 772186112 143750647 602248209 52.095 0.0755696903641552
14:52:54 55.7 773218304 143751639 602249201 51.608 0.0755696903641552
14:52:55 56.3 773476352 143752631 602250193 52.582 0.07556832603906985
14:52:56 54.6 776802304 143753623 602251185 52.095 0.07556832603906985
14:52:57 54.6 773734400 143792211 602253253 52.582 0.07556832603906985
14:52:58 54.9 773984256 143793203 602254245 52.582 0.0755679362409508
14:52:59 56.8 774242304 143794195 602255237 52.095 0.0755679362409508
14:53:00 54.9 774348800 143795187 602256229 52.582 0.0755679362409508
14:53:01 47.3 773120000 143836351 602258485 52.095 0.0755679362409508
14:53:02 57.4 773636096 143837343 602259477 52.095 0.0755679362409508
14:53:03 56.5 773885952 143838335 602260469 52.095 0.0755679362409508
14:53:04 57.2 776130560 143839327 602261461 53.069 0.07556774134339929
14:53:05 51.9 774684672 143865539 602263249 53.069 0.08888126721993966
14:53:06 55.2 775208960 143866531 602264241 52.095 0.08888126721993966
14:53:07 55.0 774950912 143867523 602265233 52.582 0.08888126721993966
14:53:08 53.9 777035776 143868699 602266409 53.069 0.08888126721993966
14:53:09 52.1 775516160 143873441 602267589 53.069 0.08888073241505669
14:53:10 56.9 775421952 143908783 602269599 52.095 0.08888073241505669
14:53:11 54.6 775421952 143909775 602270591 51.608 0.08888073241505669
14:53:12 55.5 774656000 143910767 602271583 52.095 0.08888073241505669
14:53:13 53.7 773672960 143911759 602272575 53.556 0.08888073241505669
14:53:14 55.9 773099520 143948265 602274573 52.095 0.08888050321493415
14:53:15 55.9 773099520 143949257 602275565 52.582 0.08888050321493415
14:53:16 54.5 773615616 143950249 602276557 52.095 0.08888050321493415
14:53:17 55.1 776425472 143951241 602277549 52.582 0.08888050321493415
14:53:18 53.8 774324224 143988319 602279547 52.582 0.08888050321493415
14:53:19 55.7 775090176 143989311 602280539 53.069 0.08888027401599372
14:53:20 56.2 775864320 143990303 602281531 52.582 0.08888019761660959
14:53:21 56.1 778969088 143991295 602282523 53.069 0.08896615525453667
14:53:22 46.0 777412608 144022867 602284451 52.582 0.08896615525453667
14:53:23 56.1 777412608 144023859 602285443 53.069 0.08896615525453667
14:53:24 56.7 777916416 144024851 602286435 53.069 0.08896615525453667
14:53:25 55.6 780705792 144025843 602287427 53.556 0.08896592583551145
14:53:26 45.0 778473472 144051117 602289145 52.582 0.08896592583551145
14:53:27 55.7 778989568 144052179 602290137 52.582 0.08896592583551145
14:53:28 55.2 779231232 144053327 602291285 52.582 0.08896592583551145
14:53:29 54.7 779231232 144054319 602292277 52.582 0.08896592583551145
14:53:30 52.4 776986624 144055573 602293269 52.095 0.08896569641766945
14:53:31 55.6 777433088 144079861 602294987 53.069 0.08896516111397276
14:53:32 55.0 777949184 144080853 602295979 53.069 0.08896516111397276
14:53:33 54.8 778207232 144081845 602296971 52.582 0.08896516111397276
14:53:35 54.7 780398592 144082837 602297963 53.556 0.08896516111397276
14:53:36 52.3 779485184 144122603 602300031 52.582 0.10227455604570469
14:53:37 55.2 779227136 144123595 602301023 54.043 0.10227455604570469
14:53:38 56.9 778960896 144124685 602302015 53.556 0.10227455604570469
14:53:39 56.8 780013568 144125791 602303305 53.069 0.10227455604570469
14:53:40 52.5 777375744 144150547 602304975 53.556 0.10227455604570469
14:53:41 56.7 778674176 144151609 602306037 53.556 0.10227394075029968
14:53:42 55.2 779440128 144152601 602307029 54.043 0.10227394075029968
14:53:43 57.1 781512704 144153593 602308021 53.556 0.10227394075029968
14:53:44 51.9 779780096 144193183 602309971 53.556 0.11566587257376115
14:53:45 55.5 780181504 144194175 602310963 52.582 0.11566587257376115
14:53:46 55.6 779923456 144195167 602311955 53.556 0.11566587257376115
14:53:47 54.8 782352384 144196159 602312947 53.556 0.11566517681153816
14:53:48 54.2 779403264 144222069 602314537 53.556 0.11566517681153816
14:53:49 55.6 779141120 144223131 602315857 53.069 0.11566517681153816
14:53:50 56.6 778989568 144224123 602316849 53.069 0.11566517681153816
14:53:51 56.1 779141120 144225271 602317997 54.043 0.11566517681153816
14:53:52 53.7 779370496 144226263 602318989 53.069 0.115664978023869
14:53:53 57.0 779657216 144252399 602320659 53.069 0.11575031359784757
14:53:54 55.9 779599872 144253391 602321651 53.069 0.11575031359784757
14:53:55 56.5 779657216 144254383 602322643 53.069 0.11575031359784757
14:53:56 52.4 781332480 144255375 602323635 52.582 0.11575031359784757
14:53:57 55.6 779169792 144277807 602325235 53.069 0.11574961733666318
14:53:58 57.5 779333632 144278799 602326227 54.043 0.11583554875265178
14:53:59 54.5 779583488 144279791 602327219 54.53 0.11583525013603982
14:54:00 56.0 782430208 144280783 602328211 53.556 0.11583525013603982
14:54:01 45.4 779407360 144304809 602329929 52.582 0.11583525013603982
14:54:02 55.4 780075008 144305843 602330981 53.556 0.11583525013603982
14:54:03 56.5 780075008 144306835 602331973 54.043 0.11583515059751132
14:54:04 55.0 782196736 144307827 602332965 54.043 0.11592078288204931
14:54:05 44.9 779415552 144331135 602335061 53.069 0.11592078288204931
14:54:06 54.8 779173888 144332127 602336053 54.043 0.11592078288204931
14:54:07 55.9 778809344 144333119 602337045 54.043 0.11592078288204931
14:54:08 55.7 778809344 144334225 602338205 53.069 0.11592078288204931
14:54:09 52.2 778514432 144358813 602339687 53.556 0.11592038443633498
14:54:10 55.7 778477568 144359945 602340813 54.53 0.11600631504006836
14:54:11 54.8 778477568 144360937 602341805 53.556 0.11600631504006836
14:54:12 54.4 778477568 144361999 602342927 54.043 0.11600631504006836
14:54:13 52.0 780083200 144362991 602343919 53.069 0.11600631504006836
14:54:14 57.0 778469376 144386205 602345699 54.53 0.11600591630173138
14:54:15 54.8 778985472 144387197 602346691 53.556 0.11609184661010304
14:54:16 54.8 779501568 144388189 602347923 53.069 0.11609184661010304
14:54:17 53.9 781287424 144389181 602349215 53.556 0.11609184661010304
14:54:18 49.2 778698752 144413243 602350815 54.53 0.11609184661010304
14:54:19 54.0 778948608 144414235 602351807 54.53 0.11609154733662919
14:54:20 53.8 778948608 144415227 602352799 53.069 0.11609144757914744
14:54:21 55.6 781279232 144416219 602353791 52.582 0.1161773775921594
14:54:22 53.1 778436608 144432603 602355251 54.043 0.1161773775921594
14:54:23 55.6 778022912 144433595 602356243 54.043 0.1161773775921594
14:54:24 56.2 778641408 144434835 602357483 53.556 0.11617707809922441
14:54:25 54.7 778641408 144435827 602358475 54.043 0.11617707809922441
14:54:26 52.3 778145792 144450585 602359865 55.017 0.11617697826858922
14:54:27 55.2 778641408 144451577 602360857 53.556 0.11626290798624352
14:54:28 55.6 778653696 144452725 602362005 53.069 0.11626290798624352
14:54:29 55.6 778645504 144453717 602362997 53.556 0.11626260827385043
14:54:30 53.9 777392128 144460801 602364231 54.043 0.11626260827385043
14:54:31 57.0 777355264 144461793 602365223 53.556 0.11626250837006279
14:54:32 53.8 777355264 144462785 602366215 54.043 0.11634843779236143
14:54:33 56.0 777355264 144463777 602367207 54.043 0.11634843779236143
14:54:34 53.4 777912320 144470935 602368269 54.043 0.11634843779236143
14:54:35 55.4 778158080 144472173 602369625 53.069 0.11634813786051328
14:54:36 55.8 778190848 144473165 602370677 53.556 0.11634813786051328
14:54:37 55.9 779161600 144474157 602371669 53.556 0.1163480378835742
14:54:38 51.8 780988416 144475857 602373455 53.556 0.11643396701051924
14:54:39 47.4 778350592 144479375 602374565 53.556 0.11643396701051924
14:54:40 55.8 778858496 144480437 602375627 53.556 0.11643366685921902
14:54:41 56.3 779116544 144482343 602376994 54.53 0.11643366685921902
14:54:42 54.7 778854400 144483335 602377986 53.556 0.11651959576465018
14:54:43 53.1 778080256 144487131 602379166 53.069 0.11651939551696781
14:54:44 54.9 778854400 144488371 602380406 54.043 0.11660532427472368
14:54:45 54.6 779104256 144489363 602381398 53.556 0.11660472309278347
14:54:46 56.0 779878400 144490355 602382390 53.069 0.11660472309278347
14:54:47 52.1 778846208 144494217 602383500 54.043 0.11660472309278347
14:54:48 55.6 779620352 144495209 602384492 54.043 0.11660472309278347
14:54:49 56.2 779620352 144496201 602385484 54.043 0.1166043223082672
14:54:50 55.9 780136448 144497349 602386632 54.043 0.11669025032765429
14:54:51 54.2 777646080 144501091 602387742 54.043 0.11668994951956695
14:54:52 56.4 777797632 144502331 602389042 55.017 0.11668994951956695
14:54:53 56.6 778571776 144503323 602390034 53.556 0.11668994951956695
14:54:54 55.5 778571776 144504315 602391026 53.556 0.11668994951956695
14:54:55 45.5 778838016 144507935 602392136 54.043 0.11668984925054912
14:54:56 54.7 779091968 144508997 602393128 54.043 0.11677577697459225
14:54:57 56.5 779857920 144509989 602394120 54.043 0.11677547594706608
14:54:58 55.9 781979648 144510981 602395112 53.069 0.11677547594706608
14:54:59 52.5 782753792 144511973 602396104 53.556 0.11677547594706608
14:55:00 54.3 781406208 144516081 602397284 55.017 0.11677547594706608
14:55:01 54.5 781123584 144517657 602398394 53.069 0.11677537560490225
14:55:02 56.1 781631488 144518649 602399386 54.53 0.11686100178664145
14:55:03 56.0 782987264 144519641 602400378 53.556 0.11686100178664145
14:55:04 51.4 780840960 144555215 602402258 53.556 0.130162382942456
14:55:05 55.2 781099008 144556207 602403250 55.017 0.130162382942456
14:55:06 55.1 781357056 144557199 602404242 54.043 0.130162382942456
14:55:07 58.2 783470592 144558191 602405234 54.53 0.13016160013712075
14:55:08 44.4 781606912 144570415 602406722 54.043 0.13016160013712075
14:55:09 55.9 782639104 144571407 602407714 53.556 0.13016160013712075
14:55:10 55.2 782381056 144572399 602408766 53.556 0.13016160013712075
14:55:11 55.0 784449536 144573461 602409828 54.043 0.13016160013712075
14:55:12 51.4 781864960 144611495 602411778 54.043 0.1434589895204067
14:55:13 53.9 782118912 144612627 602412770 54.043 0.1434589895204067
14:55:14 55.2 781070336 144613619 602413832 54.043 0.1434589895204067
14:55:15 55.9 782331904 144614611 602414824 54.043 0.1434589895204067
14:55:16 52.7 781348864 144615603 602415816 54.53 0.1434589895204067
14:55:17 56.2 781815808 144635831 602417346 52.582 0.14345812687067358
14:55:18 55.4 782073856 144636823 602418338 54.53 0.14345812687067358
14:55:19 55.5 782073856 144637815 602419330 53.556 0.14345812687067358
14:55:20 53.3 781307904 144638807 602420322 53.556 0.14345812687067358
14:55:21 54.2 779272192 144660995 602422244 53.556 0.14345812687067358
14:55:22 55.3 780304384 144661987 602423236 55.017 0.14345812687067358
14:55:23 55.7 780554240 144662979 602424228 54.53 0.14345775716682097
14:55:24 56.2 780693504 144663971 602425220 53.556 0.14345775716682097
14:55:25 52.3 779481088 144686999 602426820 54.043 0.14345775716682097
14:55:26 54.9 779472896 144688239 602428060 55.017 0.14345775716682097
14:55:28 54.6 779591680 144689231 602429052 55.017 0.14345775716682097
14:55:29 55.8 782028800 144690627 602430448 53.556 0.14345738746487388
14:55:30 53.4 780775424 144713731 602432048 54.53 0.14345738746487388
14:55:31 53.8 781033472 144714765 602433100 55.017 0.14345738746487388
14:55:32 55.1 781033472 144715757 602434092 53.556 0.14345738746487388
14:55:33 56.6 782295040 144716997 602435332 54.043 0.14345726423131497
14:55:34 50.1 780513280 144739553 602436932 54.043 0.14354279686396357
14:55:35 56.1 780873728 144740545 602437924 55.017 0.14354279686396357
14:55:36 55.5 781541376 144741537 602438916 55.017 0.14354279686396357
14:55:37 56.3 781893632 144742529 602439908 53.556 0.14354279686396357
14:55:38 51.8 783052800 144768035 602441952 54.043 0.14354230363921833
14:55:39 55.9 782786560 144769027 602443014 54.53 0.14354193372288376
14:55:40 55.4 782958592 144770019 602444006 54.53 0.14354193372288376
14:55:41 55.1 783257600 144771187 602445174 53.556 0.14362783553839714
14:55:42 50.5 784613376 144772427 602446414 54.043 0.14362783553839714
14:55:43 47.8 781938688 144812321 602448380 53.556 0.15692172315855857
14:55:44 55.7 782438400 144813462 602449521 54.043 0.15692172315855857
14:55:45 54.7 783040512 144814772 602450831 54.53 0.15692077969958731
14:55:46 56.3 783519744 144815764 602451823 53.556 0.15692077969958731
14:55:47 44.3 782430208 144843418 602453741 53.556 0.15692077969958731
14:55:48 55.0 782536704 144844410 602454733 54.53 0.15692077969958731
14:55:49 55.4 782430208 144845486 602455845 54.043 0.15692077969958731
14:55:50 56.5 783298560 144846478 602456837 54.53 0.15692077969958731
14:55:51 52.6 782651392 144875186 602458733 54.043 0.15692037536350106
14:55:52 56.0 783167488 144876426 602459973 53.556 0.15692037536350106
14:55:53 55.4 783683584 144877418 602460965 54.53 0.15692037536350106
14:55:54 56.8 783941632 144878410 602461957 54.043 0.15692037536350106
14:55:55 44.8 784064512 144879650 602463197 53.069 0.15700559074749218
14:55:56 55.0 783745024 144913642 602465077 53.556 0.1702098790002703
14:55:57 55.8 784003072 144914634 602466069 54.53 0.1702098790002703
14:55:58 56.6 785428480 144915626 602467061 55.017 0.1702098790002703
14:55:59 54.7 785862656 144916866 602468301 54.043 0.1702098790002703
14:56:00 51.2 784945152 144942018 602469901 54.53 0.1702098790002703
14:56:01 57.2 785289216 144943650 602471011 54.53 0.17020885579844763
14:56:02 55.1 785170432 144944642 602472003 54.043 0.17020885579844763
14:56:03 54.9 783794176 144945634 602472995 54.53 0.17020856345732924
14:56:04 52.6 783343616 144964634 602474455 54.53 0.17029444063364474
14:56:05 56.7 783405056 144965626 602475447 54.043 0.17029444063364474
14:56:06 54.2 784384000 144966618 602476439 54.043 0.17029444063364474
14:56:07 55.9 784683008 144967610 602477431 53.556 0.17029356317382374
14:56:08 53.5 783093760 144990646 602479129 54.043 0.1702926857230451
14:56:09 55.3 783716352 144991886 602480369 54.043 0.1702926857230451
14:56:10 54.8 783867904 144992878 602481361 54.043 0.1702926857230451
14:56:11 56.3 784125952 144994118 602482601 54.043 0.1702926857230451
14:56:12 52.5 784371712 145017346 602484379 54.53 0.17029224700104661
14:56:13 53.7 784891904 145018338 602485371 53.556 0.17029224700104661
14:56:14 54.5 785666048 145019400 602486433 54.043 0.17029224700104661
14:56:15 55.8 786288640 145020640 602487673 54.043 0.17029224700104661
14:56:16 52.9 786403328 145041796 602489273 55.504 0.17029224700104661
14:56:17 56.4 787017728 145043036 602490513 55.017 0.1702918082813087
14:56:18 55.6 787169280 145044028 602491505 54.043 0.1702918082813087
14:56:19 55.5 787943424 145045020 602492497 54.043 0.1702918082813087
14:56:20 51.0 788238336 145046260 602493737 54.53 0.1702918082813087
14:56:21 54.2 788680704 145068510 602495327 54.53 0.1702918082813087
14:56:22 56.1 788717568 145069502 602496319 55.017 0.17029136956383126
14:56:23 55.6 788930560 145070494 602497731 53.556 0.17029136956383126
14:56:24 54.5 788946944 145071486 602498723 55.017 0.17029136956383126
14:56:25 55.3 788783104 145093910 602500571 54.043 0.17029136956383126
14:56:26 55.3 789385216 145094902 602501563 53.556 0.17029136956383126
14:56:27 54.8 789635072 145095894 602502555 54.043 0.17029093084861432
14:56:28 55.2 788881408 145097042 602503703 53.556 0.17029093084861432
14:56:29 52.9 788389888 145112580 602505093 54.043 0.17029093084861432
14:56:30 55.8 788721664 145113572 602506085 55.017 0.17029093084861432
14:56:31 56.7 788873216 145114564 602507077 54.53 0.17029093084861432
14:56:32 55.9 788873216 145115556 602508069 54.53 0.17029093084861432
14:56:33 53.4 785510400 145128560 602509389 54.043 0.1702904921356579
14:56:34 57.1 785252352 145129552 602510381 53.069 0.17029034589850806
14:56:35 55.6 785252352 145130544 602511373 54.53 0.17037622100990418
14:56:36 54.1 785252352 145131536 602512365 54.53 0.17037622100990418
14:56:37 45.6 784736256 145145924 602513755 54.53 0.17037622100990418
14:56:38 56.0 785252352 145147128 602515045 53.556 0.17037622100990418
14:56:39 55.3 785498112 145148120 602516037 54.043 0.1704616569688869
14:56:40 56.0 785489920 145149112 602517029 55.017 0.1704616569688869
14:56:41 52.2 785719296 145157664 602518353 54.043 0.1704616569688869
14:56:42 55.4 786493440 145158726 602519345 55.017 0.1704616569688869
14:56:43 56.8 787791872 145159966 602520585 54.043 0.1704616569688869
14:56:44 56.0 788299776 145161028 602521647 54.53 0.1704612178187362
14:56:45 51.4 789389312 145162444 602523063 55.017 0.1704612178187362
14:56:46 50.0 787783680 145169318 602524563 54.53 0.1704612178187362
14:56:47 56.8 788070400 145170308 602525553 53.069 0.1704612178187362
14:56:48 54.5 788328448 145171372 602526617 54.043 0.1704612178187362
14:56:49 55.8 790003712 145172364 602527609 53.556 0.17046077867084816
14:56:50 52.6 788807680 145176366 602529123 54.043 0.17046077867084816
14:56:51 55.8 789065728 145177358 602530115 54.043 0.17046077867084816
14:56:52 55.2 789065728 145178598 602531355 53.556 0.17046077867084816
14:56:53 55.0 791187456 145179590 602532347 54.53 0.17046077867084816
14:56:54 53.8 788799488 145183444 602533705 54.53 0.17046033952522288
14:56:55 56.2 788799488 145184436 602534697 53.556 0.17046033952522288
14:56:56 54.8 788799488 145185428 602535689 54.53 0.17046033952522288
14:56:57 55.7 790872064 145186420 602536681 53.556 0.17046033952522288
14:56:58 51.7 787804160 145190130 602537791 53.556 0.17046033952522288
14:56:59 54.1 788312064 145191122 602538783 53.556 0.17045975400124216
14:57:00 54.4 788828160 145192362 602540023 54.043 0.17045975400124216
14:57:01 57.8 791822336 145194326 602541629 53.556 0.17045975400124216
14:57:02 50.1 788873216 145198100 602542739 54.53 0.17045975400124216
14:57:03 54.7 789540864 145199340 602543979 53.556 0.17045975400124216
14:57:04 54.5 789549056 145200332 602544971 53.556 0.17045975400124216
14:57:05 56.2 791871488 145201324 602545963 54.043 0.1704593148608964
14:57:06 51.5 789041152 145205264 602547203 54.53 0.1704593148608964
14:57:07 53.7 789299200 145206326 602548313 53.556 0.1704593148608964
14:57:08 55.6 789528576 145207432 602549473 54.043 0.1704593148608964
14:57:09 55.6 789786624 145208424 602550465 54.53 0.1704590221019229
14:57:10 52.4 791384064 145209416 602551457 53.069 0.17054401695135396
14:57:11 55.0 789041152 145212986 602552567 54.53 0.17054401695135396
14:57:12 56.2 789041152 145214268 602553867 54.53 0.17054401695135396
14:57:13 54.8 789041152 145215260 602554859 54.53 0.17054401695135396
14:57:14 57.2 791334912 145216252 602555851 54.043 0.17054401695135396
14:57:15 53.0 789032960 145219840 602556977 53.556 0.1705435775980792
14:57:16 54.3 789032960 145220832 602557969 54.53 0.1705435775980792
14:57:17 54.8 789032960 145221824 602558961 54.53 0.1705435775980792
14:57:19 55.7 790802432 145223134 602560271 54.53 0.1705435775980792
14:57:20 38.0 788213760 145227234 602561451 53.556 0.1705435775980792
14:57:21 30.4 789696512 145465672 602770896 52.582 0.17062901092493676
14:57:22 29.9 790478848 145466664 602771888 52.582 0.17062901092493676
14:57:23 34.9 791105536 145494142 602975170 52.582 0.17062901092493676
14:57:24 30.1 791879680 145495134 602976162 53.556 0.17062901092493676
14:57:25 30.4 792383488 145496126 602977154 51.121 0.17062901092493676
14:57:26 30.6 792682496 145497614 602978642 51.121 0.17062842483214632
14:57:27 30.9 794488832 145498606 602979634 53.556 0.17062842483214632
14:57:28 55.9 796098560 145499598 602980626 53.556 0.17062842483214632
14:57:29 61.3 796147712 145500746 602981774 54.043 0.17062842483214632
14:57:30 55.6 796921856 145501738 602982766 53.069 0.17062842483214632
14:57:31 58.0 797171712 145502730 602983758 53.069 0.17062798526519576
14:57:32 46.8 796708864 145541676 602985638 53.069 0.18382798817610824
14:57:33 55.5 797634560 145542668 602986630 53.556 0.18382798817610824
14:57:34 56.1 797892608 145543660 602987622 54.53 0.18382798817610824
14:57:35 55.3 799756288 145544652 602988614 54.043 0.18382798817610824
14:57:36 53.0 797663232 145566178 602990144 54.043 0.18382688332938735
14:57:37 55.0 798179328 145567418 602991384 53.556 0.18382688332938735
14:57:38 55.6 798134272 145568622 602992674 53.556 0.18382688332938735
14:57:39 55.2 798175232 145569614 602993666 53.069 0.1839127436205267
14:57:40 52.9 795668480 145570796 602994658 53.069 0.1841692175963599
14:57:41 55.2 797097984 145611126 602996796 53.556 0.19710730436660068
14:57:42 56.6 797872128 145612366 602998036 53.556 0.1971931524956802
14:57:43 55.7 798388224 145613358 602999028 53.556 0.1971931524956802
14:57:44 56.5 800989184 145614526 603000196 53.556 0.1971931524956802
14:57:45 52.0 798605312 145655250 603002334 54.043 0.2103859500640235
14:57:46 55.4 799371264 145656490 603003574 53.069 0.2103843247798357
14:57:47 54.3 799887360 145657552 603004636 54.53 0.2103843247798357
14:57:48 55.5 802009088 145658544 603005628 54.53 0.2103843247798357
14:57:49 44.5 800653312 145690464 603007626 53.556 0.22357353327072416
14:57:50 56.1 800653312 145691456 603008618 54.043 0.22357353327072416
14:57:51 55.8 800645120 145692604 603009766 53.556 0.22357199822944707
14:57:52 55.0 800645120 145693844 603011006 54.53 0.22357199822944707
14:57:53 53.4 798941184 145695322 603012116 53.556 0.22357199822944707
14:57:54 54.4 799334400 145737110 603014066 54.043 0.22357199822944707
14:57:55 55.8 799592448 145738102 603015058 55.504 0.22357199822944707
14:57:56 53.7 799850496 145739094 603016050 55.504 0.22357199822944707
14:57:57 53.6 800415744 145740086 603017042 53.556 0.22357142259440257
14:57:58 54.8 798265344 145780886 603019110 53.069 0.22357142259440257
14:57:59 54.9 798781440 145781878 603020102 54.53 0.22357142259440257
14:58:00 54.3 798781440 145782870 603021094 53.069 0.22357142259440257
14:58:01 55.6 798269440 145784542 603022204 54.53 0.22357142259440257
14:58:02 53.7 798228480 145826034 603024272 53.556 0.2235708469623223
14:58:03 54.8 798744576 145827068 603025324 54.53 0.2235708469623223
14:58:04 56.0 799260672 145828060 603026316 54.53 0.2235708469623223
14:58:05 54.5 802131968 145829052 603027308 53.556 0.2235708469623223
14:58:06 44.4 801878016 145863672 603029306 53.556 0.2235708469623223
14:58:07 55.0 801865728 145864664 603030298 54.53 0.22357027133320617
14:58:08 55.5 801865728 145866018 603031706 54.043 0.22357027133320617
14:58:09 55.0 801607680 145867010 603032698 54.53 0.22357027133320617
14:58:10 42.1 801841152 145868002 603033690 53.556 0.22365609485387153
14:58:11 54.4 799772672 145897538 603035548 54.53 0.23675559875718327
14:58:12 54.8 799621120 145898530 603036540 55.017 0.23684141086256827
14:58:13 55.4 800022528 145899522 603037532 54.53 0.23683998820090638
14:58:14 56.1 800817152 145900514 603038524 54.043 0.23683998820090638
14:58:15 54.2 799248384 145938726 603040840 54.043 0.23683998820090638
14:58:16 55.6 799248384 145939718 603041832 54.53 0.23683998820090638
14:58:17 55.0 799248384 145940780 603042894 53.556 0.23683876879022797
14:58:18 56.4 798527488 145941772 603043886 55.017 0.23683815908959754
14:58:19 46.4 795602944 145979280 603046024 55.017 0.23683815908959754
14:58:20 53.9 796336128 145980272 603047016 54.043 0.23683815908959754
14:58:21 55.3 797110272 145981512 603048256 54.53 0.23683815908959754
14:58:22 56.3 797884416 145982504 603049248 54.043 0.23683815908959754
14:58:23 53.4 798158848 146013184 603050638 54.53 0.23683754939210622
14:58:24 55.8 799191040 146014246 603052028 54.53 0.23683754939210622
14:58:25 55.2 799178752 146015238 603053020 54.043 0.23683754939210622
14:58:26 55.2 799178752 146016478 603054260 54.53 0.23683754939210622
14:58:27 51.2 801947648 146017470 603055252 54.53 0.23683754939210622
14:58:28 55.7 799412224 146043650 603057444 55.017 0.23683693969775402
14:58:29 56.6 799928320 146044642 603058736 53.556 0.23683693969775402
14:58:30 55.4 800186368 146045882 603059976 54.043 0.23683693969775402
14:58:31 56.0 801484800 146046874 603060968 55.017 0.23683693969775402
14:58:32 53.5 799678464 146070660 603062686 54.043 0.23683693969775402
14:58:33 54.2 799928320 146071900 603063926 55.017 0.2368363300065409
14:58:34 54.9 800034816 146073140 603065166 54.53 0.2368363300065409
14:58:35 55.1 800444416 146074132 603066158 54.043 0.2368363300065409
14:58:36 50.9 800444416 146091888 603067984 53.556 0.2368363300065409
14:58:37 55.4 800956416 146093128 603069224 55.017 0.23692214027103603
14:58:38 54.9 801464320 146094332 603070514 53.069 0.23692153036206048
14:58:39 55.2 801980416 146095324 603071506 53.556 0.23692153036206048
14:58:40 53.1 800137216 146109878 603072896 55.017 0.23692153036206048
14:58:41 55.4 800653312 146111871 603074329 53.556 0.23692153036206048
14:58:42 55.6 800653312 146112863 603075321 53.556 0.23692112375782132
14:58:43 56.3 801734656 146113855 603076313 54.53 0.23700571340800614
14:58:44 52.9 799649792 146127543 603077951 54.043 0.23700571340800614
14:58:45 54.0 800149504 146128535 603078943 54.043 0.23700571340800614
14:58:46 56.0 800923648 146129775 603080183 53.069 0.23700571340800614
14:58:47 55.8 803799040 146130943 603081351 54.53 0.23700571340800614
14:58:48 51.0 803790848 146132005 603082413 53.556 0.23700510328964713
14:58:49 49.0 800157696 146146365 603084051 54.043 0.23700510328964713
14:58:50 54.5 800673792 146147831 603085517 54.53 0.23700510328964713
14:58:51 54.4 801185792 146148823 603086509 53.069 0.23700510328964713
14:58:52 55.1 803737600 146149815 603087501 54.043 0.23700510328964713
14:58:53 52.7 800890880 146164941 603089139 54.043 0.23700510328964713
14:58:54 56.1 801398784 146165933 603090131 54.043 0.23700449317442931
14:58:55 54.3 802172928 146166925 603091123 53.556 0.23700449317442931
14:58:56 55.2 804761600 146168165 603092363 53.556 0.23700449317442931
14:58:57 53.5 801914880 146175023 603093543 53.556 0.23700449317442931
14:58:58 55.9 802430976 146176015 603094535 54.53 0.23700449317442931
14:58:59 56.2 803205120 146177007 603095527 54.53 0.23700449317442931
14:59:00 55.7 802689024 146177999 603096519 55.017 0.23700388306235276
14:59:01 52.9 800583680 146184833 603097817 54.53 0.23700388306235276
14:59:02 54.7 800841728 146185825 603098809 55.017 0.23700388306235276
14:59:03 55.1 800583680 146186817 603099801 52.582 0.23700388306235276
14:59:04 57.0 802279424 146187809 603100793 54.53 0.23700388306235276
14:59:05 53.3 799584256 146191171 603101903 54.043 0.23700388306235276
14:59:06 55.8 800350208 146192163 603102895 54.53 0.23700327295341733
14:59:07 55.7 801640448 146193155 603103887 54.53 0.23700327295341733
14:59:08 54.3 801640448 146194261 603105047 53.069 0.23700327295341733
14:59:09 51.0 803762176 146195501 603106287 53.556 0.23700327295341733
14:59:10 56.0 802672640 146199043 603107645 55.504 0.23700327295341733
14:59:11 54.6 802922496 146200283 603108885 54.043 0.237002662847623
14:59:12 55.2 803393536 146201275 603109877 54.043 0.237002662847623
14:59:13 55.1 803188736 146202267 603110869 54.53 0.23700184937811686
14:59:14 52.8 801001472 146205733 603111979 53.069 0.23708643679808034
14:59:15 58.6 801656832 146206973 603113219 54.043 0.23708636050877463
14:59:16 55.9 801398784 146207965 603114211 54.043 0.23708636050877463
14:59:17 56.8 803692544 146208957 603115406 54.043 0.23708636050877463
14:59:19 53.1 801112064 146212561 603116532 54.53 0.23708636050877463
14:59:20 55.5 801628160 146213595 603117584 53.556 0.23708636050877463
14:59:21 61.1 802123776 146214835 603118824 54.53 0.23708168152520834
14:59:22 74.1 806240256 146216334 603120249 53.556 0.23708168152520834
14:59:23 70.9 808570880 146220718 603167194 54.043 0.2370796472421311
14:59:24 71.0 816902144 146224914 603169241 54.53 0.23707212069828165
14:59:25 73.9 835956736 146226154 603170481 54.53 0.23707212069828165
14:59:26 74.4 850542592 146227642 603172701 54.53 0.23707212069828165
14:59:27 74.3 857079808 146228882 603174765 55.017 0.23707212069828165
14:59:28 75.0 857714688 146230122 603176005 55.017 0.23707212069828165
14:59:29 72.4 855756800 146234444 603177695 55.504 0.23707212069828165
14:59:30 64.9 806268928 146240654 603179371 54.043 0.23706906953286003
14:59:31 53.9 806785024 146241646 603180363 54.043 0.23706906953286003
14:59:32 54.7 806744064 146242886 603181603 55.017 0.23706906953286003
14:59:33 52.5 805507072 146247074 603182961 54.53 0.23706906953286003
14:59:34 53.6 805969920 146248136 603183953 54.53 0.23706906953286003
14:59:35 56.4 806121472 146249624 603185441 54.043 0.23706683206146578
14:59:36 55.1 807628800 146250616 603186433 54.53 0.23715263257976524
14:59:37 52.3 808681472 146251608 603187425 54.53 0.23715263257976524
14:59:38 29.1 807342080 146255546 603188833 53.556 0.23715263257976524
14:59:39 15.5 808026112 146490229 603195108 53.069 0.23723843309806475
14:59:40 5.2 808108032 146491221 603196100 51.121 0.23723843309806475
14:59:41 4.0 808099840 146492213 603197092 52.095 0.23723761889363829
14:59:42 5.0 807825408 146493205 603198084 50.634 0.23723761889363829
14:59:43 20.8 807616512 146499190 603400332 51.121 0.23723761889363829
14:59:44 30.4 808648704 146500182 603401324 52.582 0.23723761889363829
14:59:45 35.9 809181184 146532662 603604676 51.608 0.2372150269499649
14:59:46 30.4 809947136 146533654 603605668 51.121 0.23729857958655268
14:59:47 31.2 811229184 146534646 603607540 51.121 0.23729857958655268
14:59:48 30.7 810225664 146535638 603608532 52.095 0.23729857958655268
14:59:49 36.5 810999808 146536630 603609524 52.095 0.23729857958655268
14:59:50 59.3 812032000 146537692 603610586 52.095 0.23729857958655268
14:59:51 59.4 812023808 146538840 603612614 53.069 0.2372979688439177
14:59:52 56.9 812388352 146539902 603613606 53.069 0.2372979688439177
14:59:53 47.7 813314048 146540894 603614668 51.608 0.2372979688439177
14:59:54 46.2 812466176 146579708 603616618 54.043 0.25047669381915516
14:59:55 55.9 813498368 146580700 603617610 53.069 0.2504756195331096
14:59:56 54.9 813854720 146581692 603618602 52.582 0.2504741155481271
14:59:57 54.3 814419968 146582684 603619594 53.556 0.2504741155481271
14:59:58 52.0 811171840 146622986 603621792 53.556 0.2636492238847414
14:59:59 55.6 811167744 146623978 603622784 52.582 0.2636492238847414
15:00:00 56.7 811683840 146624970 603623776 54.043 0.25802831407476673
15:00:01 56.9 811786240 146626898 603624886 53.069 0.2580252819030078
15:00:02 52.9 812167168 146648954 603625996 54.043 0.2580252819030078
15:00:03 54.9 813072384 146656410 603627736 53.069 0.2580252819030078
15:00:04 54.8 813088768 146657402 603628728 55.017 0.2580252819030078
15:00:05 55.3 813613056 146658394 603629720 54.043 0.2580252819030078
15:00:06 53.8 815202304 146659386 603630712 53.556 0.25802463216118815
15:00:07 53.0 814313472 146687096 603632500 54.043 0.25802463216118815
15:00:08 54.1 814313472 146688202 603633660 54.043 0.25802463216118815
15:00:09 54.6 814571520 146689194 603634652 53.556 0.25802463216118815
15:00:10 56.3 816377856 146690186 603635644 53.069 0.2580244155813088
15:00:11 53.6 814018560 146716026 603637432 54.043 0.2580244155813088
15:00:12 54.4 814116864 146717018 603638424 53.069 0.2580237658438522
15:00:13 53.4 814268416 146718010 603639416 53.069 0.2580237658438522
15:00:14 56.1 814260224 146719002 603640408 54.53 0.2580237658438522
15:00:15 52.3 813219840 146746440 603642196 54.043 0.2580237658438522
15:00:16 55.5 813219840 146747432 603643188 53.556 0.25802008406007276
15:00:17 54.7 813326336 146748424 603644180 53.556 0.25810337039984516
15:00:18 56.4 813477888 146749416 603645172 53.069 0.25810337039984516
15:00:19 52.4 811671552 146775936 603647456 53.556 0.25810337039984516
15:00:20 55.5 812187648 146776928 603648448 53.556 0.25810337039984516
15:00:21 55.3 812703744 146778238 603649758 53.069 0.25810337039984516
15:00:22 55.7 813211648 146779230 603650750 53.556 0.2581027204761177
15:00:23 44.9 814141440 146780614 603651930 54.043 0.2581027204761177
15:00:24 54.7 814784512 146807258 603653600 54.53 0.2581027204761177
15:00:25 55.6 815149056 146808250 603654592 53.556 0.2581027204761177
15:00:26 55.6 815034368 146809242 603655584 54.043 0.2581027204761177
15:00:27 52.6 817270784 146810234 603656576 53.556 0.2581020705556633
15:00:28 53.0 815292416 146847528 603658730 54.53 0.27099312918279816
15:00:29 55.4 815550464 146848520 603659722 54.53 0.27099312918279816
15:00:30 53.6 815398912 146849512 603660714 55.017 0.27099312918279816
15:00:31 53.9 816861184 146850752 603661954 53.556 0.27099312918279816
15:00:32 53.6 814436352 146878138 603663742 53.556 0.27099312918279816
15:00:33 54.0 814686208 146879420 603665042 53.556 0.2709913097518162
15:00:34 55.5 814682112 146880660 603666282 54.043 0.2710752339728604
15:00:35 55.6 813314048 146881652 603667574 53.069 0.2710752339728604
15:00:36 52.7 813150208 146906694 603669540 54.043 0.2710752339728604
15:00:37 55.2 813514752 146907686 603670532 54.53 0.2710752339728604
15:00:38 53.3 813924352 146908890 603671822 54.53 0.2710752339728604
15:00:39 54.8 815779840 146909882 603672814 54.53 0.27107455148124304
15:00:40 45.5 814526464 146911252 603673924 54.043 0.27107455148124304
15:00:41 55.0 815177728 146934546 603675524 54.043 0.27107318650831824
15:00:42 56.2 814919680 146935786 603676764 54.043 0.27115711009547255
15:00:43 56.1 814063616 146937026 603678004 54.53 0.27115711009547255
15:00:44 54.9 813539328 146938018 603678996 55.017 0.27115574471370607
15:00:45 54.9 812290048 146955626 603680574 54.043 0.27115574471370607
15:00:46 55.6 812818432 146956866 603681814 54.53 0.27115483446683425
15:00:47 53.5 813076480 146957858 603682806 55.504 0.27123875734967756
15:00:48 54.7 815407104 146959098 603684046 54.53 0.27123875734967756
15:00:49 53.1 813871104 146973562 603685554 53.556 0.27123807445724324
15:00:50 53.6 814129152 146974710 603686702 55.504 0.27123807445724324
15:00:51 53.9 814129152 146976020 603688012 53.556 0.27123807445724324
15:00:52 54.9 815915008 146977012 603689004 55.504 0.2712378468271959
15:00:53 52.7 814358528 146992010 603690582 54.043 0.2713217694283182
15:00:54 54.5 814866432 146993002 603691574 54.043 0.27132108632917906
15:00:55 56.4 814866432 146993994 603692566 54.53 0.27132108632917906
15:00:56 56.0 814100480 146994986 603693558 54.043 0.27132108632917906
15:00:57 52.8 813060096 147009410 603695066 54.043 0.27132108632917906
15:00:58 55.5 813318144 147010650 603696306 54.043 0.2713208586302304
15:00:59 55.4 814084096 147011642 603697298 54.043 0.2714040976437924
15:01:00 55.6 816005120 147012634 603698290 54.043 0.2714040976437924
15:01:01 45.3 813826048 147014324 603699400 53.556 0.2714040976437924
15:01:02 54.9 814403584 147028134 603701156 54.043 0.2714040976437924
15:01:03 55.0 814145536 147029374 603702396 54.53 0.2714038698759433
15:01:04 54.5 814678016 147030366 603703388 53.069 0.2714871084010888
15:01:05 53.1 815988736 147031358 603704380 54.043 0.2714871084010888
15:01:06 48.6 813359104 147044986 603705888 53.556 0.2714871084010888
15:01:08 56.6 813875200 147045978 603706880 54.53 0.2714871084010888
15:01:09 53.8 814391296 147047084 603708040 54.043 0.2714871084010888
15:01:10 54.6 814096384 147048076 603709032 54.043 0.2714859692211699
15:01:11 53.6 813830144 147063138 603710540 53.556 0.27156989069542686
15:01:12 51.9 814088192 147064172 603711592 54.53 0.27156989069542686
15:01:13 54.7 814604288 147065164 603712584 53.556 0.27156989069542686
15:01:14 55.8 815493120 147066156 603713576 54.53 0.27156989069542686
15:01:15 52.9 813088768 147072948 603714874 54.53 0.27156989069542686
15:01:16 55.9 813563904 147073940 603715866 54.53 0.2715689790766634
15:01:17 55.9 813821952 147074932 603716858 54.53 0.2716529002692087
15:01:18 53.6 813314048 147075924 603717850 54.043 0.2716529002692087
15:01:19 51.6 813600768 147082338 603719030 54.043 0.2716529002692087
15:01:20 55.9 813821952 147083330 603720022 54.043 0.2716529002692087
15:01:21 55.7 814071808 147084570 603721262 54.043 0.27165176040222416
15:01:22 55.9 814329856 147085562 603722254 54.043 0.27173568124263264
15:01:23 51.9 814166016 147088880 603723316 53.069 0.27173568124263264
15:01:24 56.2 814845952 147090190 603724674 54.043 0.27173568124263264
15:01:25 55.6 815321088 147091252 603725736 55.017 0.27173568124263264
15:01:26 55.8 815898624 147092244 603726728 53.069 0.27173568124263264
15:01:27 52.3 815271936 147093236 603727720 54.043 0.2717345410330801
15:01:28 48.6 814800896 147096546 603728830 54.043 0.27181846152135464
15:01:29 55.4 815316992 147097694 603729978 55.017 0.27181846152135464
15:01:30 55.7 815423488 147098686 603730970 55.504 0.27181846152135464
15:01:31 56.5 815075328 147099926 603732210 54.53 0.27181846152135464
15:01:32 53.0 814264320 147103216 603733320 53.556 0.27181846152135464
15:01:33 55.7 814252032 147104208 603734312 54.043 0.27190124110538344
15:01:34 55.3 814252032 147105448 603735552 53.556 0.2719851612415271
15:01:35 55.0 815808512 147106440 603736544 54.53 0.2719851612415271
15:01:36 45.7 813228032 147109894 603737654 54.53 0.2719851612415271
15:01:37 56.2 813486080 147110886 603738646 54.53 0.2719851612415271
15:01:38 55.9 814739456 147112586 603740432 54.53 0.2719828787575057
15:01:39 53.5 815255552 147113578 603741424 54.53 0.2720667981893963
15:01:40 52.4 814481408 147117112 603742534 54.043 0.2720667981893963
15:01:41 54.2 815513600 147118104 603743526 54.043 0.2720667981893963
15:01:42 56.3 816029696 147119096 603744518 54.043 0.2720667981893963
15:01:43 55.9 816279552 147120336 603745758 55.017 0.2720661132403865
15:01:44 48.0 817074176 147121328 603746953 54.043 0.2720658849248163
15:01:45 52.1 816279552 147124814 603748063 53.556 0.27214980407500905
15:01:46 55.0 817053696 147126054 603749303 54.53 0.27214980407500905
15:01:47 54.9 817053696 147127046 603750295 53.556 0.27214980407500905
15:01:48 54.9 818663424 147128038 603751287 53.556 0.2721491189193255
15:01:49 52.9 814456832 147131780 603752397 53.556 0.2721491189193255
15:01:50 55.0 815489024 147132814 603753632 54.043 0.27214889053486424
15:01:51 56.1 816005120 147133962 603754780 54.53 0.272232809403361
15:01:52 54.1 817524736 147135202 603756020 54.043 0.272232809403361
15:01:53 38.1 816705536 147139174 603757146 54.043 0.27223212404100644
15:01:54 19.1 817971200 147373685 603763421 53.069 0.2723160426982324
15:01:55 3.6 818847744 147374677 603764413 52.095 0.2723155856510666
15:01:56 3.8 819515392 147375739 603765475 51.121 0.27239950416744596
15:01:57 4.3 819286016 147376731 603766467 50.634 0.27239950416744596
15:01:58 4.3 821121024 147377723 603767459 51.608 0.2723985897960252
15:01:59 6.1 820695040 147378799 603768571 51.121 0.2723985897960252
15:02:00 7.2 820072448 147379791 603769563 50.147 0.2723985897960252
15:02:01 8.0 818659328 147381367 603770673 50.634 0.27239813261261675
15:02:02 7.4 818659328 147382111 603771417 49.66 0.27248205070645926
15:02:03 7.6 817979392 147383103 603772409 50.634 0.27248136472295714
15:02:04 6.2 817872896 147383599 603772905 49.173 0.27248136472295714
15:02:05 7.4 817221632 147384343 603773649 49.173 0.27248136472295714
15:02:06 7.4 817221632 147384839 603774145 49.66 0.27248136472295714
15:02:07 7.2 817586176 147385583 603774889 49.173 0.27248113606255736
15:02:08 6.7 817827840 147386193 603775553 48.686 0.2725643676845487
15:02:09 5.9 817979392 147386689 603776049 49.173 0.2725643676845487
15:02:10 6.9 818495488 147387185 603776545 49.66 0.2725643676845487
15:02:11 7.7 818503680 147387681 603777041 49.66 0.2725643676845487
15:02:12 6.2 818761728 147388177 603777537 49.66 0.2725643676845487
15:02:13 7.2 818753536 147388673 603778033 48.199 0.27256345276970684
15:02:14 7.6 818495488 147389169 603778529 48.686 0.2726473700889093
15:02:15 7.7 819011584 147389665 603779025 49.66 0.2726473700889093
15:02:16 6.0 819011584 147390161 603779521 47.712 0.2726473700889093
15:02:17 7.9 819331072 147390657 603780017 49.173 0.2726473700889093
15:02:18 7.9 819376128 147391401 603780761 47.712 0.2726466836955458
15:02:19 7.4 819261440 147391897 603781257 48.686 0.27264645489852596
15:02:20 6.9 819003392 147392393 603781753 48.199 0.27273037193604477
15:02:21 8.1 819109888 147392889 603782249 48.686 0.27273037193604477
15:02:22 13.6 819462144 147397784 603984001 49.66 0.27273037193604477
15:02:23 30.7 819712000 147398528 603984745 49.173 0.27272968533602765
15:02:24 29.2 818806784 147421029 603986578 49.173 0.27272968533602765
15:02:25 4.8 818806784 147421525 603987074 49.173 0.2727294564701235
15:02:26 3.3 819064832 147422091 603987640 49.66 0.27281337322596044
15:02:27 5.3 818806784 147422587 603988136 49.173 0.27281337322596044
15:02:28 7.9 817094656 147423239 603988788 48.686 0.27281268641929257
15:02:29 7.7 816836608 147423777 603989344 48.686 0.27281268641929257
15:02:30 7.6 817201152 147424273 603989840 47.712 0.27281268641929257
15:02:31 8.1 817868800 147424769 603990336 48.199 0.27281245748450506
15:02:32 6.7 817332224 147425265 603990832 47.225 0.27298029043281913
15:02:33 7.7 817840128 147425761 603991328 48.199 0.2729796032082446
15:02:34 7.2 818614272 147426257 603991824 48.199 0.2729796032082446
15:02:35 7.6 818479104 147426753 603992320 47.225 0.2729796032082446
15:02:36 6.9 818114560 147427249 603992816 47.712 0.2729796032082446
15:02:37 7.9 818630656 147427745 603993312 48.199 0.27297914506045057
15:02:38 7.1 818364416 147428453 603994106 47.712 0.2730616863258423
15:02:39 7.6 818622464 147428949 603994602 48.686 0.2730616863258423
15:02:40 7.7 818880512 147429445 603995218 47.712 0.2730616863258423
15:02:41 6.7 819912704 147430855 603996269 46.251 0.2730616863258423
15:02:42 8.1 820170752 147431351 603996765 47.712 0.27306076976242183
15:02:43 7.2 820269056 147431847 603997261 46.738 0.2731439975505151
15:02:44 6.9 820776960 147432343 603997757 47.225 0.2731439975505151
15:02:45 7.6 820412416 147432839 603998253 47.225 0.2731439975505151
15:02:46 6.7 820154368 147433335 603998749 47.225 0.2731439975505151
15:02:47 6.9 820412416 147433831 603999245 46.251 0.2731439975505151
15:02:48 6.0 820662272 147434327 603999741 47.712 0.27314308071619287
15:02:49 7.2 820404224 147434823 604000237 47.712 0.2732269956411441
15:02:50 8.1 820662272 147435475 604000889 48.199 0.2732269956411441
15:02:51 6.7 820662272 147435971 604001385 47.712 0.2732269956411441
15:02:52 8.1 820146176 147436467 604001881 47.712 0.2732269956411441
15:02:53 7.7 820396032 147436963 604002377 47.225 0.2732263078081907
15:02:54 7.4 819621888 147437459 604002873 46.738 0.27322607853130915
15:02:55 6.9 819363840 147438025 604003439 47.225 0.2733099931745927
15:02:56 7.4 819879936 147438521 604003935 46.738 0.2733099931745927
15:02:57 6.9 820502528 147439087 604004501 46.738 0.2733099931745927
15:02:58 7.4 820121600 147439583 604004997 46.738 0.2733093051350073
15:02:59 8.4 820121600 147440079 604005493 46.738 0.2733090757892487
15:03:00 7.4 820228096 147440575 604005989 46.251 0.2733929901508665
15:03:01 7.7 819748864 147441715 604006603 47.225 0.2733929901508665
15:03:02 8.1 820006912 147442211 604007099 46.251 0.2733929901508665
15:03:03 6.7 820264960 147442707 604007595 46.251 0.2733929901508665
15:03:04 7.7 819814400 147443451 604008339 46.738 0.2733923019046519
15:03:05 6.7 819347456 147443947 604008835 46.738 0.2733920724900171
15:03:06 7.2 819195904 147444443 604009331 46.738 0.2734759865699711
15:03:08 7.9 819089408 147444939 604009827 47.225 0.2734759865699711
15:03:09 7.4 818679808 147445549 604010491 46.738 0.2734759865699711
15:03:10 6.2 818679808 147446045 604010987 46.738 0.2734759865699711
15:03:11 7.1 818823168 147446541 604011483 47.225 0.2734752981171301
15:03:12 7.2 819597312 147447037 604011979 46.251 0.2734750686336201
15:03:13 7.7 820113408 147447533 604012475 46.251 0.27355898243191207
15:03:14 6.7 820219904 147448029 604012971 46.251 0.27355898243191207
15:03:15 7.2 819961856 147448525 604013467 47.225 0.27355898243191207
15:03:16 7.4 820211712 147449021 604013963 46.738 0.27355829377244756
15:03:17 6.4 819847168 147449517 604014459 47.225 0.27355829377244756
15:03:18 7.4 820105216 147450013 604014955 46.738 0.27355806422006324
15:03:19 6.4 819847168 147450509 604015451 47.712 0.27364197773669513
15:03:20 7.4 819953664 147451005 604015947 47.712 0.27364197773669513
15:03:21 7.2 819953664 147451501 604016443 46.251 0.27364197773669513
15:03:22 7.7 819580928 147451997 604016939 47.225 0.27364128887060973
15:03:23 7.4 819322880 147452493 604017435 47.225 0.27364128887060973
15:03:24 7.9 819322880 147452989 604017931 47.225 0.27364105924935206
15:03:25 7.2 819441664 147453485 604018427 47.225 0.2737249724843258
15:03:26 6.7 819396608 147454051 604018993 47.225 0.2737249724843258
15:03:27 6.5 819441664 147454547 604019489 46.738 0.2737249724843258
15:03:28 7.2 819859456 147455043 604019985 47.225 0.2737242834116224
15:03:29 7.4 821972992 147455765 604020707 47.712 0.2737242834116224
15:03:30 7.2 821608448 147456261 604021203 46.738 0.2737240537214923
15:03:31 6.9 821456896 147456799 604021759 46.738 0.2738079666748097
15:03:32 6.7 821149696 147457295 604022255 47.225 0.27389187962812717
15:03:33 6.7 820936704 147457791 604022751 46.738 0.27389187962812717
15:03:34 6.9 820670464 147458287 604023247 46.738 0.27389119013756763
15:03:35 6.7 820412416 147458783 604023743 46.738 0.27389119013756763
15:03:36 6.2 820154368 147459279 604024239 47.225 0.27389073047912316
15:03:37 7.4 819896320 147459775 604024735 47.225 0.27397464308037284
15:03:38 6.7 819851264 147460483 604025529 46.251 0.27397464308037284
15:03:39 7.7 819523584 147460979 604026025 46.738 0.27397326369181907
15:03:40 7.2 819523584 147461475 604026521 46.251 0.27397326369181907
15:03:41 7.7 819781632 147461971 604027017 46.251 0.27397326369181907
15:03:42 7.4 819523584 147462467 604027513 46.738 0.27397234410716637
15:03:43 8.3 819265536 147462963 604028009 46.738 0.2740562560042896
15:03:44 7.4 819265536 147463459 604028505 47.225 0.2740562560042896
15:03:45 7.0 818999296 147463955 604029001 45.764 0.2740555661086155
15:03:46 6.2 818847744 147464451 604029497 47.225 0.2740555661086155
15:03:47 7.2 819105792 147464947 604029993 47.225 0.27405533614416266
15:03:48 6.9 819515392 147465443 604030489 46.251 0.27413924775963855
15:03:49 7.4 819879936 147465939 604030985 47.225 0.27413924775963855
15:03:50 7.7 818999296 147466435 604031481 46.251 0.27413924775963855
15:03:51 6.2 818786304 147467087 604032133 46.251 0.2741385576573614
15:03:52 8.3 819347456 147467583 604032629 46.251 0.2741385576573614
15:03:53 6.7 819499008 147468079 604033125 45.764 0.27413832762404117
15:03:54 7.4 819933184 147468575 604033621 45.764 0.2742222389578716
15:03:55 6.9 819765248 147469071 604034117 47.225 0.2742222389578716
15:03:56 8.6 820281344 147469567 604034613 45.764 0.2742222389578716
15:03:57 6.7 820789248 147470133 604035179 46.738 0.27422154864899423
15:03:58 7.7 821153792 147470629 604035675 46.251 0.27422154864899423
15:03:59 6.9 820379648 147471125 604036171 46.251 0.2742213185468074
15:04:00 7.2 820121600 147471691 604036737 46.251 0.27430522959899434
15:04:01 7.9 819990528 147472647 604037351 45.764 0.27430522959899434
15:04:02 7.2 819634176 147473143 604037847 46.738 0.27430522959899434
15:04:03 7.4 819367936 147473639 604038343 46.738 0.2743045390835195
15:04:04 7.9 819109888 147474135 604038839 45.277 0.2743045390835195
15:04:05 6.5 818458624 147474631 604039335 46.738 0.27430430891246715
15:04:06 7.6 817942528 147475127 604039831 47.225 0.27438821968301236
15:04:07 7.2 818458624 147475623 604040327 46.251 0.27438821968301236
15:04:08 7.7 818262016 147476233 604040991 46.251 0.27438821968301236
15:04:09 6.7 817934336 147476729 604041487 46.251 0.2743875289609429
15:04:10 7.4 818450432 147477225 604041983 46.251 0.2743875289609429
15:04:11 7.2 819073024 147477721 604042479 46.251 0.27438729872102585
15:04:12 6.9 819589120 147478217 604042975 45.764 0.27447120920993134
15:04:13 6.4 819589120 147478755 604043531 46.738 0.27447120920993134
15:04:14 7.7 820256768 147479251 604044027 45.277 0.27447120920993134
15:04:15 6.9 819830784 147479747 604044523 46.738 0.2744695970484659
15:04:16 6.2 819269632 147480243 604045019 44.79 0.2744695970484659
15:04:17 6.9 818708480 147480739 604045515 46.738 0.27446913643438287
15:04:18 6.2 819314688 147481235 604046011 46.251 0.27455304628960586
15:04:19 6.4 818692096 147481731 604046507 45.764 0.27455304628960586
15:04:20 6.2 818692096 147482227 604047003 45.764 0.27455304628960586
15:04:21 6.9 818941952 147482723 604047499 46.251 0.2745523551601547
15:04:22 6.2 819200000 147483219 604047995 46.738 0.2745523551601547
15:04:23 7.1 819306496 147483715 604048491 45.764 0.2745521247844442
15:04:24 7.4 819060736 147484211 604048987 46.251 0.2746360343580335
15:04:25 6.5 819576832 147484707 604049483 45.764 0.2746360343580335
15:04:26 7.4 819310592 147485203 604049979 46.738 0.27463534302199777
15:04:27 6.7 819372032 147485699 604050475 47.225 0.27463534302199777
15:04:28 6.9 819163136 147486421 604051197 46.738 0.27463534302199777
15:04:29 6.9 819679232 147486917 604051693 46.251 0.27463511257742595
15:04:30 6.9 820195328 147487413 604052189 47.225 0.27471902186938363
15:04:31 7.4 820449280 147487979 604052755 45.764 0.2748029311613413
15:04:32 7.4 820441088 147488475 604053251 46.251 0.2748022394075012
15:04:33 7.9 819924992 147488971 604053747 45.764 0.2748022394075012
15:04:34 7.2 819408896 147489467 604054243 46.251 0.27480177824020924
15:04:35 7.9 819408896 147489963 604054739 46.738 0.27488568718012996
15:04:36 8.1 819150848 147490459 604055235 46.738 0.27488568718012996
15:04:37 7.4 819400704 147490955 604055731 46.738 0.27488430326510066
15:04:38 7.1 819658752 147491663 604056525 46.738 0.27488430326510066
15:04:39 6.2 819658752 147492159 604057021 46.738 0.27488430326510066
15:04:40 6.9 818884608 147492655 604057517 45.277 0.2748833806628226
15:04:41 6.9 819142656 147493151 604058013 45.764 0.27496728889867816
15:04:42 7.4 819392512 147493647 604058509 46.251 0.27496659673981666
15:04:43 7.4 819650560 147494143 604059005 46.251 0.27496659673981666
15:04:44 6.7 819900416 147494639 604059501 45.764 0.27496659673981666
15:04:45 6.9 819384320 147495135 604059997 45.764 0.27496659673981666
15:04:46 7.2 819871744 147495631 604060613 46.251 0.27496636602097047
15:04:47 7.2 820129792 147496127 604061229 46.251 0.27504958160977216
15:04:48 6.7 820129792 147496623 604061785 45.764 0.27504958160977216
15:04:49 6.7 820236288 147497119 604062281 46.738 0.27504958160977216
15:04:50 7.2 819871744 147497771 604062933 45.277 0.27504958160977216
15:04:51 7.2 819613696 147498267 604063429 45.764 0.2750493508220697
15:04:52 7.7 819089408 147498763 604063925 46.251 0.2751325659226837
15:04:53 7.9 819089408 147499259 604064421 47.225 0.2751325659226837
15:04:54 7.2 819089408 147499755 604064917 46.738 0.2751325659226837
15:04:55 5.5 819605504 147500251 604065413 44.79 0.2751325659226837
15:04:56 7.6 820121600 147500747 604065909 45.277 0.2751325659226837
15:04:57 7.4 820219904 147501243 604066405 46.251 0.2751314116437686
15:04:58 7.9 819081216 147501987 604067149 46.251 0.27521531875314453
15:04:59 7.2 818307072 147502553 604067715 46.251 0.27521531875314453
15:05:00 7.2 818823168 147503049 604068211 46.251 0.27521531875314453
15:05:01 6.2 818548736 147504137 604068895 46.251 0.27521531875314453
15:05:02 6.7 818958336 147504633 604069391 45.764 0.27521531875314453
15:05:03 6.7 818692096 147505129 604069887 44.79 0.27521439505537065
15:05:04 7.4 819023872 147505667 604070443 45.764 0.2752983018831314
15:05:05 6.7 820621312 147506163 604070939 45.764 0.2752983018831314
15:05:06 6.9 820621312 147506659 604071435 45.764 0.2752983018831314
15:05:07 7.7 820727808 147507155 604071931 46.251 0.2752983018831314
15:05:08 7.4 820871168 147507765 604072655 46.251 0.27529760890265986
15:05:09 6.7 820613120 147508261 604073151 46.251 0.2752973779099446
15:05:10 6.5 820097024 147508757 604073647 46.251 0.27538128445609206
15:05:11 7.2 820613120 147509253 604074143 46.251 0.27538128445609206
15:05:12 6.5 820097024 147509749 604074639 45.277 0.27538128445609206
15:05:13 8.4 819306496 147510245 604075135 45.764 0.27538128445609206
15:05:14 7.7 819298304 147510741 604075631 46.251 0.2753805912690634
15:05:15 7.2 819404800 147511237 604076127 46.251 0.275380360207496
15:05:17 8.3 819937280 147511733 604076623 45.277 0.2754642664720321
15:05:18 7.2 819830784 147512229 604077119 45.764 0.2754642664720321
15:05:19 7.2 820088832 147512725 604077615 45.277 0.2754642664720321
15:05:20 6.9 820080640 147513221 604078111 46.251 0.2754635730784491
15:05:21 7.4 819822592 147513717 604078607 46.738 0.2754635730784491
15:05:22 6.7 819625984 147514213 604079103 46.251 0.2754633419480305
15:05:23 7.2 819564544 147514709 604079599 46.251 0.27554724793095714
15:05:24 6.9 819154944 147515205 604080095 46.251 0.27554724793095714
15:05:25 7.4 819167232 147515701 604080591 46.738 0.27554724793095714
15:05:26 6.4 819417088 147516197 604081087 45.277 0.27554655433082265
15:05:27 7.7 819781632 147516693 604081583 45.764 0.27554655433082265
15:05:28 6.0 820252672 147517189 604082079 45.764 0.27554632313155375
15:05:29 5.4 822198272 147517841 604082731 46.251 0.27563022883287275
15:05:30 6.7 821592064 147518337 604083227 46.251 0.27563022883287275
15:05:31 7.4 821428224 147518903 604083793 46.738 0.27571344051630403
15:05:32 6.7 820805632 147519469 604084359 44.79 0.27571344051630403
15:05:33 8.2 820555776 147519965 604084855 45.764 0.27571344051630403
15:05:34 8.1 820256768 147520461 604085351 46.251 0.2757129778396533
15:05:35 7.4 820621312 147520957 604085847 46.251 0.27579688318896545
15:05:36 7.4 820400128 147521453 604086343 45.764 0.2757954947459259
15:05:37 6.9 821276672 147521949 604086839 45.764 0.2757954947459259
15:05:38 6.7 821764096 147522657 604087633 46.251 0.2757954947459259
15:05:39 7.9 821051392 147523153 604088129 45.764 0.27579456912499933
15:05:40 8.1 820588544 147523649 604088625 45.277 0.27587847377030666
15:05:41 6.4 820391936 147524145 604089121 45.764 0.27587847377030666
15:05:42 7.4 820473856 147524641 604089617 45.764 0.2758777793474899
15:05:43 6.4 820064256 147525137 604090113 46.251 0.2758777793474899
15:05:44 8.4 819245056 147525675 604090669 45.764 0.2758777793474899
15:05:45 6.7 819183616 147526171 604091165 46.738 0.2758775478739945
15:05:46 6.2 819032064 147526667 604091661 46.251 0.27596145223770313
15:05:47 7.6 819175424 147527411 604092405 46.251 0.27596075760834987
15:05:48 6.4 818917376 147527907 604092901 45.764 0.27596075760834987
15:05:49 8.4 819007488 147528403 604093397 47.225 0.27596075760834987
15:05:50 7.0 819007488 147528899 604093893 45.764 0.27596075760834987
15:05:51 7.4 818233344 147529551 604094545 46.251 0.2759605260660092
15:05:52 7.9 818651136 147530047 604095041 46.251 0.2760437353122341
15:05:53 7.6 820158464 147530543 604095537 45.277 0.2760437353122341
15:05:54 6.0 820142080 147531039 604096033 46.251 0.2760437353122341
15:05:55 6.2 820355072 147531618 604096678 46.251 0.2760437353122341
15:05:56 22.2 818991104 147557820 604299515 46.738 0.2760435037010491
15:05:57 4.7 818466816 147558316 604300011 46.738 0.2761267124591481
15:05:58 20.7 818343936 147580177 604301968 47.225 0.2761267124591481
15:05:59 29.2 818851840 147580673 604302464 46.738 0.2762945196377924
15:06:00 33.4 818606080 147621139 604304004 47.712 0.2762945196377924
