Combination,MAE,R2,RMSE
"(12, 12)",146.35590209829678,0.8472886545836568,267.62814377225703
"(16, 12)",168.7336156430741,0.8205495124427075,303.9469099947778
"(20, 12)",158.27738867340503,0.8375187345459908,284.10099404645797
"(24, 12)",151.863485726412,0.8295948909310914,274.312853221867
"(28, 12)",157.84903329043883,0.8379383701545052,279.1614048425746
"(32, 12)",166.71345880949696,0.8270622907735526,293.87109837638906
"(36, 12)",171.13739064666424,0.8236460699520829,291.44372324782285
"(40, 12)",144.89679883422514,0.8433936483588873,253.42678575959317
"(16, 16)",141.93465620682548,0.8738744693503591,247.89715876404352
"(20, 16)",136.20485308433018,0.8521325056238309,257.862742289144
"(24, 16)",131.19497455351663,0.87746732864789,236.42123092925274
"(28, 16)",140.6103531158171,0.8533961749673395,262.13615169470165
"(32, 16)",149.8135824393238,0.8586902522721154,255.6470003529613
"(36, 16)",137.69876750106272,0.8694951517349382,242.5472143536895
"(40, 16)",180.44262434698607,0.8430833486493868,296.57092706207925
"(20, 20)",129.34873183729118,0.8855144326327835,240.93811079085805
"(24, 20)",131.11647276693458,0.879595266325041,242.62056418661308
"(28, 20)",149.65736232304295,0.8767248835890544,253.49322438910968
"(32, 20)",136.5322522751565,0.8869633813506861,240.44491437445586
"(36, 20)",168.68929808718394,0.8623119240008098,284.0432266337489
"(40, 20)",161.37313449227887,0.8531020905729173,294.250301037663
"(24, 24)",113.04852938166067,0.91210474730785,178.01841126033378
"(28, 24)",111.89075555791014,0.9069418096890735,177.30994311868417
"(32, 24)",114.53804416576133,0.9121501564573377,176.97144758950273
"(36, 24)",134.1130721537725,0.8968098280667661,204.0406325239596
"(40, 24)",106.82347709048327,0.9182403956923482,168.82082709018871
"(28, 28)",143.97400289750826,0.8838527047657745,218.48248682710778
"(32, 28)",100.86510992022056,0.9252402419148504,159.34264414316243
"(36, 28)",107.84745564284206,0.9219740764884901,168.49738672039598
"(40, 28)",114.10972610029795,0.9201433103106819,174.19259290633755
"(32, 32)",101.6300679187148,0.9163412262593029,168.84234976095934
"(36, 32)",96.39525253760891,0.9240585218553945,161.46589715803208
"(40, 32)",120.63322127856608,0.9104319202184752,177.15670608783296
"(36, 36)",120.19390761710775,0.8946389834378069,201.4986062468978
"(40, 36)",100.44482551672021,0.912235843648792,181.57337333613197
"(40, 40)",88.62755582932502,0.9030374016747942,160.5845634998822
