Combination,MAE,R2,RMSE
"(12, 12)",299.9020332883862,0.7918831315162134,475.2881620209733
"(16, 12)",349.37331440802217,0.7617209670393179,526.9668304793441
"(20, 12)",324.87211048894846,0.7808338084783392,499.45630419551463
"(24, 12)",336.6556808405079,0.7613963043000855,519.4590398103435
"(28, 12)",313.5561046829237,0.7803093754016354,483.7375469733374
"(32, 12)",314.86041280843654,0.7830059793501638,485.52306296296615
"(36, 12)",315.08825004299393,0.7832847176721606,481.2332015249279
"(40, 12)",314.03417020131025,0.7758927376345905,494.6621118497846
"(16, 16)",256.47254278823675,0.842743328294717,402.8345395208884
"(20, 16)",272.80412281485746,0.8211901050212529,437.32109314442
"(24, 16)",283.3938607862146,0.8050386920273729,452.9338142116296
"(28, 16)",285.99506499105723,0.82013493108848,435.708854704925
"(32, 16)",255.34461312910466,0.8394279428802962,407.47327025368224
"(36, 16)",281.31333744617075,0.8291710608990956,433.4180373051648
"(40, 16)",361.6521664295945,0.7358167331840719,579.678560902357
"(20, 20)",288.6495434686934,0.8299768718431194,448.468018617335
"(24, 20)",283.79294247853693,0.8191579596087257,438.83947185172383
"(28, 20)",257.55207271408415,0.843215824850199,406.97927895603306
"(32, 20)",285.0091408332865,0.818828412667059,450.31820975502194
"(36, 20)",284.6619081506898,0.8305110362957692,443.60293009799454
"(40, 20)",277.3338337547542,0.8344340693444927,430.3881811490295
"(24, 24)",261.0622626720388,0.8328412683338526,427.75164012941406
"(28, 24)",259.11685723487557,0.8434294997517519,415.17365428061385
"(32, 24)",281.54987880510583,0.8272878191383445,450.74141851273816
"(36, 24)",275.00332152567603,0.8278223349695368,434.94697165027696
"(40, 24)",296.52035846951895,0.8020139611673441,494.77060745607605
"(28, 28)",252.3068174358741,0.8414630244512631,406.9329288238332
"(32, 28)",257.2163230324876,0.8426467480686918,408.96097437382286
"(36, 28)",278.81053136814154,0.8309250241750344,435.96000028101736
"(40, 28)",290.25269464383626,0.8209827265904838,455.55599763960475
"(32, 32)",247.3182727804758,0.8439909620147622,374.0921013122282
"(36, 32)",238.23221322366908,0.8498251086741305,370.61827641052037
"(40, 32)",250.8147321385734,0.8309128485133823,393.76533276331236
"(36, 36)",290.8335058029776,0.786877973945598,451.3418526860995
"(40, 36)",287.6415077479343,0.8020379599181289,440.7696164051138
"(40, 40)",296.48715991808706,0.8127655088737018,449.80326681827484