Combination,MAE,R2,RMSE
"(12, 12)",364.46422444518674,0.6019532223250116,988.7128310004846
"(16, 12)",395.7578327161245,0.563589625578912,1042.1702874229002
"(20, 12)",353.03935664193295,0.687575155703871,867.1837915853324
"(24, 12)",330.61161776790357,0.7366327976518257,794.2571141697839
"(28, 12)",331.773140685043,0.7551042507031585,766.4742667793507
"(32, 12)",333.19296472681054,0.7374768635639826,799.368679522523
"(36, 12)",374.57654831674694,0.7150952381465668,838.3052899375383
"(40, 12)",581.4029567482979,0.5247831761908781,1132.3555798991135
"(16, 16)",337.08988398973236,0.5627123282286386,969.0451622952617
"(20, 16)",404.1148196469402,0.5101244033329203,1026.435873920575
"(24, 16)",394.03178479104895,0.5493064685366374,996.6341266696203
"(28, 16)",379.55427181632604,0.5662229126635745,980.5842877926259
"(32, 16)",284.19957007783364,0.7614530533149882,707.2713486358746
"(36, 16)",332.6862330242844,0.7042405130479702,775.0222066053317
"(40, 16)",463.31510266132926,0.6538825367618113,878.6609453685049
"(20, 20)",425.8271399202562,0.5251120422077884,1019.1171029808263
"(24, 20)",400.9637201321165,0.5120691898942493,1044.493535565854
"(28, 20)",348.5976929687157,0.5898585799381804,960.9295275975386
"(32, 20)",403.274809368118,0.6153730023319577,940.9113123743284
"(36, 20)",386.68261174193833,0.6231108337642264,935.2248612689591
"(40, 20)",333.0123338325895,0.7275799077885257,795.3894769600317
"(24, 24)",357.40140027557055,0.5956998274080765,903.7526891183128
"(28, 24)",322.509399530502,0.6321913863873792,865.6960534485434
"(32, 24)",360.47514750129835,0.5773735364986593,938.4365233654917
"(36, 24)",341.13952571932685,0.6216994817621845,894.5033550481272
"(40, 24)",353.7947045339515,0.6143699029858952,911.117361360129
"(28, 28)",349.2576213886797,0.5544379084028458,954.1162024461057
"(32, 28)",354.48771136397875,0.5174095400715808,999.7076053303465
"(36, 28)",375.34738085117584,0.5417874540087846,987.2358833243983
"(40, 28)",343.49406611473034,0.5802493256227651,951.1242666664091
"(32, 32)",291.7335271035862,0.504014295198322,910.4222039973391
"(36, 32)",312.7376913464135,0.5406373315462342,882.8843050713351
"(40, 32)",315.29879613399476,0.48625069211212735,945.4975692639866
"(36, 36)",140.8794700851746,0.8000670719025447,283.4003708724467
"(40, 36)",146.3137428312716,0.7858448995775028,297.91788711882793
"(40, 40)",265.75042979441,0.4915004471497174,529.2161675165464
